52	-132	5.5063968
52	-131.9	5.1759038
52	-131.8	4.698607
52	-131.7	4.2701764
52	-131.6	3.8910007
52	-131.5	3.7449136
51.9	-132	5.4504056
51.9	-131.9	5.106514
51.9	-131.8	4.6319146
51.9	-131.7	4.1865687
51.9	-131.6	3.8115628
51.9	-131.5	3.4231694
51.9	-131.4	3.1120577
51.9	-131.3	2.9687309
51.8	-132	5.4520521
51.8	-131.9	5.108686
51.8	-131.8	4.6351194
51.8	-131.7	4.2268462
51.8	-131.6	3.7977731
51.8	-131.5	3.3097346
51.8	-131.4	2.8614974
51.8	-131.3	2.4903505
51.8	-131.2	2.342417
51.8	-131.1	2.2681541
51.7	-132	5.3433032
51.7	-131.9	4.9425797
51.7	-131.8	4.5916944
51.7	-131.7	4.2300801
51.7	-131.6	3.7537656
51.7	-131.5	3.2689898
51.7	-131.4	2.815316
51.7	-131.3	2.4524305
51.7	-131.2	2.0174174
51.7	-131.1	1.7531449
51.7	-131	1.6578137
51.6	-132	5.1410193
51.6	-131.9	4.7505689
51.6	-131.8	4.3911538
51.6	-131.7	4.0363259
51.6	-131.6	3.5801663
51.6	-131.5	3.1870971
51.6	-131.4	2.8294253
51.6	-131.3	2.3376846
51.6	-131.2	1.9173995
51.6	-131.1	1.3250935
51.6	-131	1.1186436
51.6	-130.9	1.0559219
51.6	-130.8	0.98918939
51.5	-132	4.9135814
51.5	-131.9	4.4910865
51.5	-131.8	4.106339
51.5	-131.7	3.7567735
51.5	-131.6	3.3881516
51.5	-131.5	2.9848561
51.5	-131.4	2.6155059
51.5	-131.3	2.2390604
51.5	-131.2	1.8204286
51.5	-131.1	1.429468
51.5	-131	1.0794889
51.5	-130.9	0.68681836
51.5	-130.8	0.36398077
51.5	-130.7	0.3799772
51.4	-132	4.4887223
51.4	-131.9	4.0347281
51.4	-131.8	3.6700897
51.4	-131.7	3.2844329
51.4	-131.6	2.9136415
51.4	-131.5	2.546818
51.4	-131.4	2.1553645
51.4	-131.3	1.7622818
51.4	-131.2	1.3335794
51.4	-131.1	1.0461404
51.4	-131	0.60121328
51.4	-130.9	0.30413061
51.4	-130.8	0.051265415
51.4	-130.7	0.24911164
51.4	-130.6	0.32951102
51.4	-130.5	0.54942942
51.3	-132	4.2307296
51.3	-131.9	3.7615917
51.3	-131.8	3.2976398
51.3	-131.7	2.9205713
51.3	-131.6	2.5321605
51.3	-131.5	2.1395595
51.3	-131.4	1.746336
51.3	-131.3	1.3470008
51.3	-131.2	0.88715291
51.3	-131.1	0.47894299
51.3	-131	0.12469516
51.3	-130.9	0.005181704
51.3	-130.8	0.28060353
51.3	-130.7	0.49348292
51.3	-130.6	0.56847018
51.3	-130.5	0.76960862
51.3	-130.4	0.89558804
51.2	-132	4.3167119
51.2	-131.9	3.8857965
51.2	-131.8	3.4259875
51.2	-131.7	2.8340435
51.2	-131.6	2.4309554
51.2	-131.5	1.8897367
51.2	-131.4	1.5153815
51.2	-131.3	1.0407032
51.2	-131.2	0.59149379
51.2	-131.1	0.17045674
51.2	-131	0.1244984
51.2	-130.9	0.25388631
51.2	-130.8	0.45465016
51.2	-130.7	0.6126014
51.2	-130.6	0.76498282
51.2	-130.5	0.91700733
51.2	-130.4	1.0838873
51.2	-130.3	1.238132
51.1	-132	4.6140332
51.1	-131.9	4.1883259
51.1	-131.8	3.8079429
51.1	-131.7	3.2911441
51.1	-131.6	2.8142316
51.1	-131.5	2.3925564
51.1	-131.4	1.8972396
51.1	-131.3	1.4822551
51.1	-131.2	1.0395033
51.1	-131.1	0.54373425
51.1	-131	0.13001463
51.1	-130.9	0.15577911
51.1	-130.8	0.30177656
51.1	-130.7	0.56679046
51.1	-130.6	0.74085122
51.1	-130.5	0.93307167
51.1	-130.4	1.1465209
51.1	-130.3	1.3346676
51	-132	5.0263433
51	-131.9	4.460844
51	-131.8	4.088974
51	-131.7	3.7048204
51	-131.6	3.2682672
51	-131.5	2.7648547
51	-131.4	2.3912356
51	-131.3	1.8952222
51	-131.2	1.504055
51	-131.1	1.0753305
51	-131	0.57481492
51	-130.9	0.14290178
51	-130.8	0.066216543
51	-130.7	0.28703818
51	-130.6	0.53908294
51	-130.5	0.73338938
51	-130.4	0.9254458
51	-130.3	1.1560814
51	-130.2	1.3150235
50.9	-132	5.2746153
50.9	-131.9	4.8303652
50.9	-131.8	4.2955585
50.9	-131.7	3.996784
50.9	-131.6	3.6287527
50.9	-131.5	3.2217321
50.9	-131.4	2.7323358
50.9	-131.3	2.3443739
50.9	-131.2	1.8939798
50.9	-131.1	1.5242249
50.9	-131	1.1107404
50.9	-130.9	0.62095869
50.9	-130.8	0.21346927
50.9	-130.7	0.056436434
50.9	-130.6	0.27465233
50.9	-130.5	0.50269502
50.9	-130.4	0.70331126
50.9	-130.3	0.90791386
50.9	-130.2	1.1443034
50.9	-130.1	1.3081136
50.8	-132	5.4715486
50.8	-131.9	5.1330276
50.8	-131.8	4.637836
50.8	-131.7	4.2357306
50.8	-131.6	3.9181156
50.8	-131.5	3.5213866
50.8	-131.4	3.1790361
50.8	-131.3	2.7197523
50.8	-131.2	2.2854288
50.8	-131.1	1.890553
50.8	-131	1.5417339
50.8	-130.9	1.1400825
50.8	-130.8	0.67383915
50.8	-130.7	0.24496438
50.8	-130.6	0.047441658
50.8	-130.5	0.266285
50.8	-130.4	0.47550514
50.8	-130.3	0.66500133
50.8	-130.2	0.88870472
50.8	-130.1	1.1354907
50.8	-130	1.3011578
50.7	-132	5.6491332
50.7	-131.9	5.361022
50.7	-131.8	4.967329
50.7	-131.7	4.5127721
50.7	-131.6	4.1591563
50.7	-131.5	3.8568661
50.7	-131.4	3.4691541
50.7	-131.3	3.0739164
50.7	-131.2	2.6720402
50.7	-131.1	2.265857
50.7	-131	1.8958869
50.7	-130.9	1.5578594
50.7	-130.8	1.1669511
50.7	-130.7	0.72315717
50.7	-130.6	0.28813139
50.7	-130.5	0.029021155
50.7	-130.4	0.23594135
50.7	-130.3	0.43460324
50.7	-130.2	0.62424964
50.7	-130.1	0.8684811
50.7	-130	1.1186323
50.7	-129.9	1.2919488
50.6	-132	5.8360548
50.6	-131.9	5.5441484
50.6	-131.8	5.2335658
50.6	-131.7	4.820065
50.6	-131.6	4.3574443
50.6	-131.5	4.0776505
50.6	-131.4	3.7775559
50.6	-131.3	3.4275897
50.6	-131.2	3.0330584
50.6	-131.1	2.6327369
50.6	-131	2.2394874
50.6	-130.9	1.8976158
50.6	-130.8	1.5733372
50.6	-130.7	1.1921684
50.6	-130.6	0.77037561
50.6	-130.5	0.32655609
50.6	-130.4	0.032664817
50.6	-130.3	0.22272101
50.6	-130.2	0.40240699
50.6	-130.1	0.58891767
50.6	-130	0.825252
50.6	-129.9	1.0974684
50.6	-129.8	1.2840617
50.5	-132	5.9949989
50.5	-131.9	5.723002
50.5	-131.8	5.4426622
50.5	-131.7	5.108952
50.5	-131.6	4.6901741
50.5	-131.5	4.2921658
50.5	-131.4	4.0078249
50.5	-131.3	3.6882789
50.5	-131.2	3.365737
50.5	-131.1	2.9922266
50.5	-131	2.6022029
50.5	-130.9	2.2212367
50.5	-130.8	1.8999584
50.5	-130.7	1.5896696
50.5	-130.6	1.2133819
50.5	-130.5	0.79885876
50.5	-130.4	0.37715489
50.5	-130.3	0.06584172
50.5	-130.2	0.21618189
50.5	-130.1	0.36432099
50.5	-130	0.55196816
50.5	-129.9	0.80573833
50.5	-129.8	1.0826941
50.5	-129.7	1.2723374
50.4	-132	5.8925514
50.4	-131.9	5.5816069
50.4	-131.8	5.3189602
50.4	-131.7	5.0336237
50.4	-131.6	4.6274538
50.4	-131.5	4.2645683
50.4	-131.4	3.9754989
50.4	-131.3	3.7103565
50.4	-131.2	3.4871676
50.4	-131.1	3.2728696
50.4	-131	2.8807857
50.4	-130.9	2.4633088
50.4	-130.8	2.1809878
50.4	-130.7	1.8565171
50.4	-130.6	1.5613632
50.4	-130.5	1.192354
50.4	-130.4	0.8303045
50.4	-130.3	0.44637334
50.4	-130.2	0.10533293
50.4	-130.1	0.14511749
50.4	-130	0.33520651
50.4	-129.9	0.52297246
50.4	-129.8	0.7868275
50.4	-129.7	1.0622153
50.4	-129.6	1.2588239
50.3	-132	5.8326168
50.3	-131.9	5.4565701
50.3	-131.8	5.1860232
50.3	-131.7	4.901896
50.3	-131.6	4.4986343
50.3	-131.5	4.0982361
50.3	-131.4	3.8121622
50.3	-131.3	3.5619993
50.3	-131.2	3.3039234
50.3	-131.1	3.013694
50.3	-131	2.6746299
50.3	-130.9	2.2973597
50.3	-130.8	2.0427854
50.3	-130.7	1.7883364
50.3	-130.6	1.4862124
50.3	-130.5	1.1225811
50.3	-130.4	0.72072011
50.3	-130.3	0.41800436
50.3	-130.2	0.17911914
50.3	-130.1	0.089655779
50.3	-130	0.30801541
50.3	-129.9	0.4785977
50.3	-129.8	0.54671323
50.3	-129.7	0.80569011
50.3	-129.6	1.087785
50.3	-129.5	1.2786796
50.3	-129.4	1.3816251
50.2	-132	5.9595079
50.2	-131.9	5.5175643
50.2	-131.8	5.1935787
50.2	-131.7	4.9038839
50.2	-131.6	4.6312957
50.2	-131.5	4.2145138
50.2	-131.4	3.8246074
50.2	-131.3	3.5444703
50.2	-131.2	3.2699986
50.2	-131.1	2.9011669
50.2	-131	2.5910597
50.2	-130.9	2.2556143
50.2	-130.8	1.916352
50.2	-130.7	1.640275
50.2	-130.6	1.2698259
50.2	-130.5	0.81750149
50.2	-130.4	0.54375982
50.2	-130.3	0.28004923
50.2	-130.2	0.035759509
50.2	-130.1	0.29965574
50.2	-130	0.51327324
50.2	-129.9	0.57892931
50.2	-129.8	0.72064608
50.2	-129.7	0.93372899
50.2	-129.6	1.1879689
50.2	-129.5	1.366477
50.2	-129.4	1.5338509
50.2	-129.3	1.7557638
50.1	-132	5.8802094
50.1	-131.9	5.5788136
50.1	-131.8	5.2690353
50.1	-131.7	4.9079165
50.1	-131.6	4.5450921
50.1	-131.5	4.2178149
50.1	-131.4	3.8954906
50.1	-131.3	3.5238149
50.1	-131.2	3.144516
50.1	-131.1	2.7495167
50.1	-131	2.5123525
50.1	-130.9	2.176656
50.1	-130.8	1.8299704
50.1	-130.7	1.6032125
50.1	-130.6	1.3741674
50.1	-130.5	1.0043007
50.1	-130.4	0.64635819
50.1	-130.3	0.25919998
50.1	-130.2	0.024990292
50.1	-130.1	0.26432455
50.1	-130	0.43329665
50.1	-129.9	0.54455233
50.1	-129.8	0.81750208
50.1	-129.7	1.0788944
50.1	-129.6	1.348912
50.1	-129.5	1.3951766
50.1	-129.4	1.6226894
50.1	-129.3	1.8740299
50.1	-129.2	2.02632
50.1	-129.1	2.1775608
50	-132	5.9913845
50	-131.9	5.6353683
50	-131.8	5.2583055
50	-131.7	4.9114594
50	-131.6	4.6306033
50	-131.5	4.2566628
50	-131.4	3.8906763
50	-131.3	3.4854021
50	-131.2	3.2185445
50	-131.1	2.925416
50	-131	2.5316038
50	-130.9	2.1539931
50	-130.8	1.8891773
50	-130.7	1.4971821
50	-130.6	1.1635324
50	-130.5	0.80564916
50	-130.4	0.44669709
50	-130.3	0.095766999
50	-130.2	0.037345998
50	-130.1	0.26309207
50	-130	0.53162211
50	-129.9	0.78848779
50	-129.8	0.9259997
50	-129.7	1.1147752
50	-129.6	1.3141239
50	-129.5	1.449568
50	-129.4	1.6612254
50	-129.3	1.9045137
50	-129.2	2.075778
50	-129.1	2.210799
50	-129	2.4567442
50	-128.9	2.7159307
49.9	-132	5.9897184
49.9	-131.9	5.5864968
49.9	-131.8	5.1855798
49.9	-131.7	4.9018316
49.9	-131.6	4.5010138
49.9	-131.5	4.1425385
49.9	-131.4	3.7033322
49.9	-131.3	3.3404329
49.9	-131.2	3.0755317
49.9	-131.1	2.7078705
49.9	-131	2.3096428
49.9	-130.9	2.0083344
49.9	-130.8	1.7424561
49.9	-130.7	1.3554859
49.9	-130.6	0.97339278
49.9	-130.5	0.6912722
49.9	-130.4	0.39100677
49.9	-130.3	0.054716386
49.9	-130.2	0.13348141
49.9	-130.1	0.32915044
49.9	-130	0.57908922
49.9	-129.9	0.75498575
49.9	-129.8	0.85431385
49.9	-129.7	1.1044304
49.9	-129.6	1.2613902
49.9	-129.5	1.3744208
49.9	-129.4	1.6342417
49.9	-129.3	1.9120995
49.9	-129.2	2.1646132
49.9	-129.1	2.1917324
49.9	-129	2.446527
49.9	-128.9	2.6933081
49.9	-128.8	2.9396369
49.9	-128.7	3.0852563
49.9	-128.6	3.2735121
49.8	-132	5.9887238
49.8	-131.9	5.5900216
49.8	-131.8	5.185513
49.8	-131.7	4.9026642
49.8	-131.6	4.4966235
49.8	-131.5	4.0893698
49.8	-131.4	3.6814716
49.8	-131.3	3.2990453
49.8	-131.2	2.9945607
49.8	-131.1	2.549773
49.8	-131	2.1614223
49.8	-130.9	1.8747553
49.8	-130.8	1.481598
49.8	-130.7	1.0900011
49.8	-130.6	0.8279742
49.8	-130.5	0.4402622
49.8	-130.4	0.077341512
49.8	-130.3	0.038905505
49.8	-130.2	0.23042305
49.8	-130.1	0.48245385
49.8	-130	0.68996334
49.8	-129.9	0.8664121
49.8	-129.8	1.026804
49.8	-129.7	1.2206684
49.8	-129.6	1.3861274
49.8	-129.5	1.5538604
49.8	-129.4	1.765541
49.8	-129.3	1.9643056
49.8	-129.2	2.1261485
49.8	-129.1	2.2607005
49.8	-129	2.5047464
49.8	-128.9	2.7026415
49.8	-128.8	2.8893144
49.8	-128.7	3.0467122
49.8	-128.6	3.2898216
49.8	-128.5	3.4346452
49.8	-128.4	3.5512867
49.7	-132	6.0492558
49.7	-131.9	5.6201091
49.7	-131.8	5.2448978
49.7	-131.7	4.9065986
49.7	-131.6	4.4980187
49.7	-131.5	4.0883317
49.7	-131.4	3.6790032
49.7	-131.3	3.2701988
49.7	-131.2	2.8682332
49.7	-131.1	2.467037
49.7	-131	2.093544
49.7	-130.9	1.7124183
49.7	-130.8	1.4192683
49.7	-130.7	1.0600046
49.7	-130.6	0.66840225
49.7	-130.5	0.30761999
49.7	-130.4	0.003239736
49.7	-130.3	0.12676401
49.7	-130.2	0.34427413
49.7	-130.1	0.59459901
49.7	-130	0.81866735
49.7	-129.9	0.99685103
49.7	-129.8	1.1378148
49.7	-129.7	1.369548
49.7	-129.6	1.4989041
49.7	-129.5	1.6349992
49.7	-129.4	1.8923547
49.7	-129.3	2.0345488
49.7	-129.2	2.1725276
49.7	-129.1	2.4151556
49.7	-129	2.5886772
49.7	-128.9	2.758682
49.7	-128.8	2.9495869
49.7	-128.7	3.1909716
49.7	-128.6	3.3496139
49.7	-128.5	3.4925587
49.7	-128.4	3.6840801
49.7	-128.3	3.8900869
49.7	-128.2	4.0873375
49.7	-128.1	4.2815824
49.6	-132	6.1613803
49.6	-131.9	5.7472997
49.6	-131.8	5.3179684
49.6	-131.7	4.9115458
49.6	-131.6	4.4967523
49.6	-131.5	4.0880022
49.6	-131.4	3.6790452
49.6	-131.3	3.2689266
49.6	-131.2	2.8616571
49.6	-131.1	2.4616263
49.6	-131	2.0667417
49.6	-130.9	1.7038416
49.6	-130.8	1.3629999
49.6	-130.7	0.9088698
49.6	-130.6	0.49088517
49.6	-130.5	0.13831966
49.6	-130.4	0.15203224
49.6	-130.3	0.29129371
49.6	-130.2	0.54499871
49.6	-130.1	0.68830746
49.6	-130	0.81696123
49.6	-129.9	1.0505846
49.6	-129.8	1.2102394
49.6	-129.7	1.3630008
49.6	-129.6	1.5721344
49.6	-129.5	1.7386268
49.6	-129.4	1.9204938
49.6	-129.3	2.0913544
49.6	-129.2	2.2453136
49.6	-129.1	2.444448
49.6	-129	2.6268542
49.6	-128.9	2.7824318
49.6	-128.8	2.9997804
49.6	-128.7	3.2621055
49.6	-128.6	3.4042203
49.6	-128.5	3.5584064
49.6	-128.4	3.8150001
49.6	-128.3	3.9486303
49.6	-128.2	4.0898809
49.6	-128.1	4.3255701
49.6	-128	4.4724154
49.6	-127.9	4.6360407
49.5	-132	6.1541195
49.5	-131.9	5.7281494
49.5	-131.8	5.3166704
49.5	-131.7	4.9049973
49.5	-131.6	4.4938316
49.5	-131.5	4.0823479
49.5	-131.4	3.6728766
49.5	-131.3	3.2823408
49.5	-131.2	2.8866863
49.5	-131.1	2.3417242
49.5	-131	1.9682469
49.5	-130.9	1.5894555
49.5	-130.8	1.1447088
49.5	-130.7	0.7576704
49.5	-130.6	0.37908909
49.5	-130.5	0.034640774
49.5	-130.4	0.26176158
49.5	-130.3	0.3888905
49.5	-130.2	0.54499942
49.5	-130.1	0.77236933
49.5	-130	0.91379207
49.5	-129.9	1.0801922
49.5	-129.8	1.3001955
49.5	-129.7	1.4589475
49.5	-129.6	1.6349972
49.5	-129.5	1.8076596
49.5	-129.4	1.9680634
49.5	-129.3	2.18764
49.5	-129.2	2.334626
49.5	-129.1	2.4692869
49.5	-129	2.7250006
49.5	-128.9	2.8643365
49.5	-128.8	2.9984477
49.5	-128.7	3.2408164
49.5	-128.6	3.3925247
49.5	-128.5	3.5429993
49.5	-128.4	3.807657
49.5	-128.3	3.95047
49.5	-128.2	4.0965099
49.5	-128.1	4.3599987
49.5	-128	4.4945111
49.5	-127.9	4.6366882
49.5	-127.8	4.909544
49.5	-127.7	5.1521845
49.5	-127.6	5.2519073
49.4	-132	6.297924
49.4	-131.9	5.869123
49.4	-131.8	5.3972735
49.4	-131.7	5.0112023
49.4	-131.6	4.5403132
49.4	-131.5	4.1142712
49.4	-131.4	3.5951321
49.4	-131.3	3.0707445
49.4	-131.2	2.7692418
49.4	-131.1	2.3839319
49.4	-131	1.9521033
49.4	-130.9	1.531244
49.4	-130.8	1.1165148
49.4	-130.7	0.69479877
49.4	-130.6	0.28549013
49.4	-130.5	1.18156E-05
49.4	-130.4	0.25784352
49.4	-130.3	0.40052316
49.4	-130.2	0.55856895
49.4	-130.1	0.80627406
49.4	-130	0.95119375
49.4	-129.9	1.106492
49.4	-129.8	1.3035126
49.4	-129.7	1.4869003
49.4	-129.6	1.6858555
49.4	-129.5	1.9074374
49.4	-129.4	2.0418246
49.4	-129.3	2.2006741
49.4	-129.2	2.4497054
49.4	-129.1	2.5727165
49.4	-129	2.7243419
49.4	-128.9	2.950536
49.4	-128.8	3.0963631
49.4	-128.7	3.2602122
49.4	-128.6	3.4040568
49.4	-128.5	3.5529387
49.4	-128.4	3.7650971
49.4	-128.3	3.9360332
49.4	-128.2	4.1053147
49.4	-128.1	4.3528109
49.4	-128	4.4936318
49.4	-127.9	4.637691
49.4	-127.8	4.9049973
49.4	-127.7	5.0672545
49.4	-127.6	5.1944108
49.4	-127.5	5.4496636
49.4	-127.4	5.7229991
49.4	-127.3	5.8518248
49.3	-132	6.9228687
49.3	-131.9	6.4632792
49.3	-131.8	6.0577393
49.3	-131.7	5.6281185
49.3	-131.6	5.2454982
49.3	-131.5	4.77245
49.3	-131.4	4.347939
49.3	-131.3	3.8568907
49.3	-131.2	3.2288933
49.3	-131.1	2.8917632
49.3	-131	2.3660789
49.3	-130.9	1.9048276
49.3	-130.8	1.4477499
49.3	-130.7	0.98994052
49.3	-130.6	0.51610363
49.3	-130.5	0.096771091
49.3	-130.4	1.13225E-06
49.3	-130.3	0.31547064
49.3	-130.2	0.5372262
49.3	-130.1	0.7383095
49.3	-130	0.90232152
49.3	-129.9	1.0966152
49.3	-129.8	1.3010836
49.3	-129.7	1.4554832
49.3	-129.6	1.6339303
49.3	-129.5	1.8969511
49.3	-129.4	2.0415614
49.3	-129.3	2.1800029
49.3	-129.2	2.4474771
49.3	-129.1	2.5939279
49.3	-129	2.7365885
49.3	-128.9	2.9673741
49.3	-128.8	3.1207442
49.3	-128.7	3.2613144
49.3	-128.6	3.4264293
49.3	-128.5	3.6064379
49.3	-128.4	3.8161221
49.3	-128.3	3.9552622
49.3	-128.2	4.1076713
49.3	-128.1	4.3514991
49.3	-128	4.4923477
49.3	-127.9	4.6330004
49.3	-127.8	4.9004054
49.3	-127.7	5.0489473
49.3	-127.6	5.1911092
49.3	-127.5	5.4467926
49.3	-127.4	5.6326947
49.3	-127.3	5.7818227
49.3	-127.2	5.9976263
49.3	-127.1	6.2185445
49.2	-132	7.3691058
49.2	-131.9	7.036747
49.2	-131.8	6.6741533
49.2	-131.7	6.2786074
49.2	-131.6	5.8904166
49.2	-131.5	5.5059352
49.2	-131.4	5.125473
49.2	-131.3	4.725873
49.2	-131.2	4.3085704
49.2	-131.1	3.9133804
49.2	-131	3.4877028
49.2	-130.9	3.0631564
49.2	-130.8	2.6014407
49.2	-130.7	2.1673021
49.2	-130.6	1.6985241
49.2	-130.5	1.2268682
49.2	-130.4	0.77290517
49.2	-130.3	0.41013151
49.2	-130.2	0.11334541
49.2	-130.1	0.20254479
49.2	-130	0.58326447
49.2	-129.9	0.7101835
49.2	-129.8	1.0611278
49.2	-129.7	1.2891575
49.2	-129.6	1.5198852
49.2	-129.5	1.7575538
49.2	-129.4	1.9898286
49.2	-129.3	2.1800005
49.2	-129.2	2.3781426
49.2	-129.1	2.577539
49.2	-129	2.7905393
49.2	-128.9	3.0559139
49.2	-128.8	3.1512382
49.2	-128.7	3.2810533
49.2	-128.6	3.4212584
49.2	-128.5	3.5768967
49.2	-128.4	3.8025918
49.2	-128.3	3.9386008
49.2	-128.2	4.0897994
49.2	-128.1	4.3584323
49.2	-128	4.5026851
49.2	-127.9	4.644721
49.2	-127.8	4.8900409
49.2	-127.7	5.0389795
49.2	-127.6	5.1830544
49.2	-127.5	5.4070144
49.2	-127.4	5.5990472
49.2	-127.3	5.7812686
49.2	-127.2	5.9882221
49.2	-127.1	6.1393676
49.2	-127	6.2736936
49.2	-126.9	6.5318298
49.2	-126.8	6.6840925
49.1	-132	7.6235733
49.1	-131.9	7.4263186
49.1	-131.8	7.1408753
49.1	-131.7	6.813036
49.1	-131.6	6.4820476
49.1	-131.5	6.1110196
49.1	-131.4	5.7520885
49.1	-131.3	5.392241
49.1	-131.2	5.0373712
49.1	-131.1	4.6742711
49.1	-131	4.2793279
49.1	-130.9	3.9511602
49.1	-130.8	3.6101909
49.1	-130.7	3.2074366
49.1	-130.6	2.7930217
49.1	-130.5	2.3807921
49.1	-130.4	1.9728292
49.1	-130.3	1.5372992
49.1	-130.2	1.0884838
49.1	-130.1	0.67941016
49.1	-130	0.30560097
49.1	-129.9	0.20419745
49.1	-129.8	0.32415673
49.1	-129.7	0.57424843
49.1	-129.6	0.82492334
49.1	-129.5	1.125061
49.1	-129.4	1.3478453
49.1	-129.3	1.6374265
49.1	-129.2	1.8879606
49.1	-129.1	2.1360242
49.1	-129	2.3481965
49.1	-128.9	2.6050727
49.1	-128.8	2.8598702
49.1	-128.7	3.0358994
49.1	-128.6	3.3163073
49.1	-128.5	3.5179641
49.1	-128.4	3.7639959
49.1	-128.3	3.8800023
49.1	-128.2	4.0668325
49.1	-128.1	4.2758665
49.1	-128	4.4740462
49.1	-127.9	4.667943
49.1	-127.8	4.9146733
49.1	-127.7	5.0304694
49.1	-127.6	5.1780028
49.1	-127.5	5.4282537
49.1	-127.4	5.5801253
49.1	-127.3	5.7319045
49.1	-127.2	5.9803958
49.1	-127.1	6.1239147
49.1	-127	6.268003
49.1	-126.9	6.5348334
49.1	-126.8	6.6792755
49.1	-126.7	6.8271403
49	-132	7.8624864
49	-131.9	7.599884
49	-131.8	7.4336581
49	-131.7	7.2462897
49	-131.6	6.9261241
49	-131.5	6.6286297
49	-131.4	6.2895288
49	-131.3	5.9423637
49	-131.2	5.6275749
49	-131.1	5.2811427
49	-131	4.960433
49	-130.9	4.6163707
49	-130.8	4.2600389
49	-130.7	3.9987664
49	-130.6	3.7229092
49	-130.5	3.3728561
49	-130.4	2.9645836
49	-130.3	2.5948668
49	-130.2	2.2065814
49	-130.1	1.8187212
49	-130	1.4009835
49	-129.9	0.95488894
49	-129.8	0.59405571
49	-129.7	0.33814844
49	-129.6	0.18594062
49	-129.5	0.30543268
49	-129.4	0.60623562
49	-129.3	0.90164566
49	-129.2	1.1776359
49	-129.1	1.4348531
49	-129	1.7481714
49	-128.9	2.0014477
49	-128.8	2.2600608
49	-128.7	2.5147243
49	-128.6	2.7717795
49	-128.5	2.9651117
49	-128.4	3.2341127
49	-128.3	3.4966569
49	-128.2	3.7131572
49	-128.1	3.8899777
49	-128	4.1324749
49	-127.9	4.327898
49	-127.8	4.5672202
49	-127.7	4.8205023
49	-127.6	5.0278034
49	-127.5	5.2593989
49	-127.4	5.4919152
49	-127.3	5.6652613
49	-127.2	5.8526158
49	-127.1	6.0726247
49	-127	6.2680011
49	-126.9	6.4532409
49	-126.8	6.6336985
49	-126.7	6.8421292
49	-126.6	7.0821428
49	-126.5	7.2214351
