49	-130	1.4009835
49	-129.9	0.95488894
49	-129.8	0.59405571
49	-129.7	0.33814844
49	-129.6	0.18594062
49	-129.5	0.30543268
49	-129.4	0.60623562
49	-129.3	0.90164566
49	-129.2	1.1776359
49	-129.1	1.4348531
49	-129	1.7481714
49	-128.9	2.0014477
49	-128.8	2.2600608
49	-128.7	2.5147243
49	-128.6	2.7717795
49	-128.5	2.9651117
49	-128.4	3.2341127
49	-128.3	3.4966569
49	-128.2	3.7131572
49	-128.1	3.8899777
49	-128	4.1324749
49	-127.9	4.327898
49	-127.8	4.5672202
49	-127.7	4.8205023
49	-127.6	5.0278034
49	-127.5	5.2593989
49	-127.4	5.4919152
49	-127.3	5.6652613
49	-127.2	5.8526158
49	-127.1	6.0726247
49	-127	6.2680011
49	-126.9	6.4532409
49	-126.8	6.6336985
49	-126.7	6.8421292
49	-126.6	7.0821428
49	-126.5	7.2214351
48.9	-130	2.3919733
48.9	-129.9	2.0416319
48.9	-129.8	1.6535839
48.9	-129.7	1.2596709
48.9	-129.6	0.89547819
48.9	-129.5	0.57513064
48.9	-129.4	0.2667374
48.9	-129.3	0.1802076
48.9	-129.2	0.37818527
48.9	-129.1	0.62740594
48.9	-129	0.94977254
48.9	-128.9	1.2405514
48.9	-128.8	1.5536753
48.9	-128.7	1.8434017
48.9	-128.6	2.1507955
48.9	-128.5	2.3829148
48.9	-128.4	2.6493433
48.9	-128.3	2.8614984
48.9	-128.2	3.1059115
48.9	-128.1	3.4038935
48.9	-128	3.6332524
48.9	-127.9	3.874083
48.9	-127.8	4.1353416
48.9	-127.7	4.3541298
48.9	-127.6	4.6062789
48.9	-127.5	4.8712769
48.9	-127.4	5.09972
48.9	-127.3	5.359067
48.9	-127.2	5.5574827
48.9	-127.1	5.7642202
48.9	-127	6.0057859
48.9	-126.9	6.1988125
48.9	-126.8	6.443574
48.9	-126.7	6.639287
48.9	-126.6	6.8436646
48.9	-126.5	7.1178327
48.9	-126.4	7.3038201
48.8	-130	2.9104664
48.8	-129.9	2.6912239
48.8	-129.8	2.4282978
48.8	-129.7	2.1318638
48.8	-129.6	1.7944826
48.8	-129.5	1.4191555
48.8	-129.4	1.0684423
48.8	-129.3	0.79428655
48.8	-129.2	0.54567164
48.8	-129.1	0.14601907
48.8	-129	0.19392179
48.8	-128.9	0.31936482
48.8	-128.8	0.68546021
48.8	-128.7	1.0121025
48.8	-128.6	1.3284882
48.8	-128.5	1.6490558
48.8	-128.4	1.9969267
48.8	-128.3	2.2981756
48.8	-128.2	2.5568075
48.8	-128.1	2.7689886
48.8	-128	2.9932866
48.8	-127.9	3.3349042
48.8	-127.8	3.5991652
48.8	-127.7	3.8578737
48.8	-127.6	4.1311817
48.8	-127.5	4.3731232
48.8	-127.4	4.6456175
48.8	-127.3	4.9274368
48.8	-127.2	5.2008004
48.8	-127.1	5.4779873
48.8	-127	5.6430569
48.8	-126.9	5.8315406
48.8	-126.8	6.0918517
48.8	-126.7	6.336699
48.8	-126.6	6.5325232
48.8	-126.5	6.7839098
48.8	-126.4	7.0738521
48.8	-126.3	7.2806315
48.7	-130	2.7756026
48.7	-129.9	2.5523007
48.7	-129.8	2.3210318
48.7	-129.7	2.0634363
48.7	-129.6	1.7671317
48.7	-129.5	1.4873363
48.7	-129.4	1.2636552
48.7	-129.3	1.0676979
48.7	-129.2	0.7853657
48.7	-129.1	0.52265346
48.7	-129	0.33587793
48.7	-128.9	0.24071789
48.7	-128.8	0.14280756
48.7	-128.7	0.33493531
48.7	-128.6	0.59841609
48.7	-128.5	0.88008928
48.7	-128.4	1.2233963
48.7	-128.3	1.5736516
48.7	-128.2	1.8795755
48.7	-128.1	2.1774843
48.7	-128	2.4370508
48.7	-127.9	2.7086806
48.7	-127.8	2.9062791
48.7	-127.7	3.209326
48.7	-127.6	3.5382218
48.7	-127.5	3.8293848
48.7	-127.4	4.1289864
48.7	-127.3	4.418294
48.7	-127.2	4.741611
48.7	-127.1	5.0174499
48.7	-127	5.2941818
48.7	-126.9	5.5437579
48.7	-126.8	5.752306
48.7	-126.7	5.9347811
48.7	-126.6	6.1974874
48.7	-126.5	6.4763055
48.7	-126.4	6.7288799
48.7	-126.3	6.9891443
48.7	-126.2	7.2320395
48.6	-130	2.6684308
48.6	-129.9	2.4493785
48.6	-129.8	2.1815224
48.6	-129.7	1.8936812
48.6	-129.6	1.62387
48.6	-129.5	1.3595402
48.6	-129.4	1.2237568
48.6	-129.3	1.0900034
48.6	-129.2	0.81750315
48.6	-129.1	0.54729426
48.6	-129	0.29284939
48.6	-128.9	0.046565507
48.6	-128.8	0.16636826
48.6	-128.7	0.44956386
48.6	-128.6	0.70760685
48.6	-128.5	0.96464723
48.6	-128.4	1.2363625
48.6	-128.3	1.5076998
48.6	-128.2	1.7243286
48.6	-128.1	1.924335
48.6	-128	2.2004492
48.6	-127.9	2.4456069
48.6	-127.8	2.6472874
48.6	-127.7	2.8021867
48.6	-127.6	3.0438969
48.6	-127.5	3.3202453
48.6	-127.4	3.6072781
48.6	-127.3	3.8964386
48.6	-127.2	4.2276177
48.6	-127.1	4.5077429
48.6	-127	4.8090472
48.6	-126.9	5.0980859
48.6	-126.8	5.3825989
48.6	-126.7	5.5932608
48.6	-126.6	5.7905416
48.6	-126.5	6.0671444
48.6	-126.4	6.3501558
48.6	-126.3	6.645112
48.6	-126.2	6.9325261
48.6	-126.1	7.1962852
48.5	-130	2.5909479
48.5	-129.9	2.4534061
48.5	-129.8	2.1948049
48.5	-129.7	1.9056587
48.5	-129.6	1.6360738
48.5	-129.5	1.360238
48.5	-129.4	1.1500742
48.5	-129.3	0.93639433
48.5	-129.2	0.6946314
48.5	-129.1	0.41323298
48.5	-129	0.2075969
48.5	-128.9	0.15120271
48.5	-128.8	0.34311613
48.5	-128.7	0.59159386
48.5	-128.6	0.8665905
48.5	-128.5	1.1157724
48.5	-128.4	1.3784287
48.5	-128.3	1.6329716
48.5	-128.2	1.7720255
48.5	-128.1	1.9069997
48.5	-128	2.1726727
48.5	-127.9	2.4344893
48.5	-127.8	2.70209
48.5	-127.7	2.943747
48.5	-127.6	3.190202
48.5	-127.5	3.4314377
48.5	-127.4	3.6934838
48.5	-127.3	3.9450531
48.5	-127.2	4.1711035
48.5	-127.1	4.3637662
48.5	-127	4.6428313
48.5	-126.9	4.9214554
48.5	-126.8	5.1974769
48.5	-126.7	5.4517198
48.5	-126.6	5.6172886
48.5	-126.5	5.7332377
48.5	-126.4	5.9791536
48.5	-126.3	6.3128643
48.5	-126.2	6.6065145
48.5	-126.1	6.8888712
48.5	-126	7.1700683
48.4	-130	2.4527576
48.4	-129.9	2.2720523
48.4	-129.8	2.0149031
48.4	-129.7	1.7714663
48.4	-129.6	1.5307165
48.4	-129.5	1.287196
48.4	-129.4	1.0266304
48.4	-129.3	0.76891863
48.4	-129.2	0.50536311
48.4	-129.1	0.22191472
48.4	-129	1.10054E-05
48.4	-128.9	0.25480604
48.4	-128.8	0.53057241
48.4	-128.7	0.79336768
48.4	-128.6	1.033847
48.4	-128.5	1.1955065
48.4	-128.4	1.3642263
48.4	-128.3	1.6470286
48.4	-128.2	1.8569833
48.4	-128.1	2.0581446
48.4	-128	2.3124146
48.4	-127.9	2.5738757
48.4	-127.8	2.8258307
48.4	-127.7	3.0618007
48.4	-127.6	3.3048747
48.4	-127.5	3.5406895
48.4	-127.4	3.8310096
48.4	-127.3	4.0851564
48.4	-127.2	4.2289405
48.4	-127.1	4.369463
48.4	-127	4.6329985
48.4	-126.9	4.8997235
48.4	-126.8	5.168561
48.4	-126.7	5.423378
48.4	-126.6	5.6963606
48.4	-126.5	5.9030523
48.4	-126.4	6.1532259
48.4	-126.3	6.40137
48.4	-126.2	6.6210885
48.4	-126.1	6.8130608
48.4	-126	7.0865893
48.4	-125.9	7.3612161
48.3	-130	2.5952654
48.3	-129.9	2.3161271
48.3	-129.8	2.0072858
48.3	-129.7	1.6697605
48.3	-129.6	1.3614333
48.3	-129.5	1.0923868
48.3	-129.4	0.81900322
48.3	-129.3	0.54499537
48.3	-129.2	0.27249777
48.3	-129.1	0.0227105
48.3	-129	0.12862568
48.3	-128.9	0.3272137
48.3	-128.8	0.54432315
48.3	-128.7	0.80387408
48.3	-128.6	1.0532867
48.3	-128.5	1.2607418
48.3	-128.4	1.4584022
48.3	-128.3	1.7125276
48.3	-128.2	1.9715668
48.3	-128.1	2.2173002
48.3	-128	2.4601357
48.3	-127.9	2.7249994
48.3	-127.8	2.9893916
48.3	-127.7	3.2481744
48.3	-127.6	3.395714
48.3	-127.5	3.5458803
48.3	-127.4	3.8163817
48.3	-127.3	4.0845199
48.3	-127.2	4.3026533
48.3	-127.1	4.5207191
48.3	-127	4.778192
48.3	-126.9	5.0414982
48.3	-126.8	5.2889776
48.3	-126.7	5.5055933
48.3	-126.6	5.7164354
48.3	-126.5	5.9780002
48.3	-126.4	6.2660885
48.3	-126.3	6.5365396
48.3	-126.2	6.6882067
48.3	-126.1	6.8315082
48.3	-126	7.0929885
48.3	-125.9	7.3579969
48.3	-125.8	7.6288118
48.2	-130	2.721664
48.2	-129.9	2.4169426
48.2	-129.8	2.1238818
48.2	-129.7	1.8447403
48.2	-129.6	1.5705835
48.2	-129.5	1.2947505
48.2	-129.4	1.0135913
48.2	-129.3	0.71906602
48.2	-129.2	0.43531743
48.2	-129.1	0.11032437
48.2	-129	0.14462899
48.2	-128.9	0.20115881
48.2	-128.8	0.56923115
48.2	-128.7	0.7907815
48.2	-128.6	1.0406454
48.2	-128.5	1.339571
48.2	-128.4	1.6271334
48.2	-128.3	1.9100951
48.2	-128.2	2.1787069
48.2	-128.1	2.306623
48.2	-128	2.4529972
48.2	-127.9	2.7202821
48.2	-127.8	3.0115807
48.2	-127.7	3.2751245
48.2	-127.6	3.4926157
48.2	-127.5	3.7851396
48.2	-127.4	3.9515004
48.2	-127.3	4.1628103
48.2	-127.2	4.3865085
48.2	-127.1	4.6571941
48.2	-127	4.9192572
48.2	-126.9	5.1854148
48.2	-126.8	5.4500036
48.2	-126.7	5.5965943
48.2	-126.6	5.7203693
48.2	-126.5	5.9770608
48.2	-126.4	6.2521348
48.2	-126.3	6.5405707
48.2	-126.2	6.7700877
48.2	-126.1	6.986341
48.2	-126	7.2444963
48.2	-125.9	7.5032868
48.2	-125.8	7.7037749
48.2	-125.7	7.9011574
48.1	-130	2.5391312
48.1	-129.9	2.2755473
48.1	-129.8	2.0222003
48.1	-129.7	1.7825606
48.1	-129.6	1.5016946
48.1	-129.5	1.2363433
48.1	-129.4	0.99240923
48.1	-129.3	0.74367529
48.1	-129.2	0.47296163
48.1	-129.1	0.21226966
48.1	-129	0.05805321
48.1	-128.9	0.26666969
48.1	-128.8	0.50963223
48.1	-128.7	0.6575045
48.1	-128.6	0.87615991
48.1	-128.5	1.151239
48.1	-128.4	1.4275792
48.1	-128.3	1.7057942
48.1	-128.2	1.9795165
48.1	-128.1	2.2820547
48.1	-128	2.5500786
48.1	-127.9	2.6217482
48.1	-127.8	2.8343148
48.1	-127.7	3.0894434
48.1	-127.6	3.405437
48.1	-127.5	3.7376206
48.1	-127.4	4.052989
48.1	-127.3	4.2236309
48.1	-127.2	4.4069238
48.1	-127.1	4.6332793
48.1	-127	4.9043255
48.1	-126.9	5.1780043
48.1	-126.8	5.4567189
48.1	-126.7	5.7152658
48.1	-126.6	5.9089842
48.1	-126.5	6.0749207
48.1	-126.4	6.2742667
48.1	-126.3	6.5431743
48.1	-126.2	6.8237219
48.1	-126.1	7.1155419
48.1	-126	7.3818965
48.1	-125.9	7.6437364
48.1	-125.8	7.8007693
48.1	-125.7	7.9444661
48.1	-125.6	8.1750021
48	-130	2.5046961
48	-129.9	2.1911652
48	-129.8	1.8745732
48	-129.7	1.6150042
48	-129.6	1.3502539
48	-129.5	1.0835044
48	-129.4	0.81750041
48	-129.3	0.55420947
48	-129.2	0.28132188
48	-129.1	0.02951305
48	-129	0.091218539
48	-128.9	0.26251078
48	-128.8	0.50150979
48	-128.7	0.74019408
48	-128.6	0.97481376
48	-128.5	1.2398914
48	-128.4	1.4938496
48	-128.3	1.7543057
48	-128.2	1.9904715
48	-128.1	2.2346332
48	-128	2.4562037
48	-127.9	2.7140753
48	-127.8	2.8642836
48	-127.7	3.0129824
48	-127.6	3.3159566
48	-127.5	3.6059489
48	-127.4	3.877743
48	-127.3	4.1541748
48	-127.2	4.3609324
48	-127.1	4.6337056
48	-127	4.90592
48	-126.9	5.176918
48	-126.8	5.2867413
48	-126.7	5.5409713
48	-126.6	5.8450317
48	-126.5	6.0989709
48	-126.4	6.4040012
48	-126.3	6.5613728
48	-126.2	6.8195448
48	-126.1	7.0852461
48	-126	7.3566418
48	-125.9	7.6247973
48	-125.8	7.9019995
48	-125.7	8.1665773
48	-125.6	8.2570982
48	-125.5	8.4487114
47.9	-130	2.316689
47.9	-129.9	2.1063888
47.9	-129.8	1.8791531
47.9	-129.7	1.6123244
47.9	-129.6	1.34929
47.9	-129.5	1.0900011
47.9	-129.4	0.79296488
47.9	-129.3	0.55473381
47.9	-129.2	0.28426456
47.9	-129.1	0.008896538
47.9	-129	0.18129742
47.9	-128.9	0.43398958
47.9	-128.8	0.66285837
47.9	-128.7	0.91232389
47.9	-128.6	1.1679138
47.9	-128.5	1.414219
47.9	-128.4	1.6523612
47.9	-128.3	1.9158459
47.9	-128.2	2.1799989
47.9	-128.1	2.3245943
47.9	-128	2.4525864
47.9	-127.9	2.6994836
47.9	-127.8	2.9645884
47.9	-127.7	3.1907601
47.9	-127.6	3.4528952
47.9	-127.5	3.7126944
47.9	-127.4	3.9592888
47.9	-127.3	4.1698327
47.9	-127.2	4.359262
47.9	-127.1	4.6305537
47.9	-127	4.9007974
47.9	-126.9	5.1778216
47.9	-126.8	5.3413682
47.9	-126.7	5.5032921
47.9	-126.6	5.7339835
47.9	-126.5	5.997345
47.9	-126.4	6.3125057
47.9	-126.3	6.5449057
47.9	-126.2	6.8116159
47.9	-126.1	7.0850601
47.9	-126	7.3583574
47.9	-125.9	7.6237311
47.9	-125.8	7.7273126
47.9	-125.7	7.9815922
47.9	-125.6	8.2743864
47.9	-125.5	8.4801674
47.9	-125.4	8.725028
47.8	-130	2.211925
47.8	-129.9	1.8971299
47.8	-129.8	1.6201047
47.8	-129.7	1.3418813
47.8	-129.6	1.0799109
47.8	-129.5	0.81750095
47.8	-129.4	0.54499805
47.8	-129.3	0.2829141
47.8	-129.2	0.024861453
47.8	-129.1	0.2891975
47.8	-129	0.50712526
47.8	-128.9	0.64522147
47.8	-128.8	0.81407863
47.8	-128.7	1.1115648
47.8	-128.6	1.3685176
47.8	-128.5	1.5189716
47.8	-128.4	1.6586365
47.8	-128.3	1.9069999
47.8	-128.2	2.1661963
47.8	-128.1	2.4378891
47.8	-128	2.6433239
47.8	-127.9	2.9021108
47.8	-127.8	3.1612465
47.8	-127.7	3.3711357
47.8	-127.6	3.5786738
47.8	-127.5	3.8465323
47.8	-127.4	4.1103892
47.8	-127.3	4.2658925
47.8	-127.2	4.4126673
47.8	-127.1	4.6644521
47.8	-127	4.9049959
47.8	-126.9	5.1676559
47.8	-126.8	5.4471855
47.8	-126.7	5.6959229
47.8	-126.6	5.9124236
47.8	-126.5	6.1593037
47.8	-126.4	6.3547511
47.8	-126.3	6.5489826
47.8	-126.2	6.8134723
47.8	-126.1	7.0846286
47.8	-126	7.3539534
47.8	-125.9	7.6157274
47.8	-125.8	7.9015937
47.8	-125.7	8.0670033
47.8	-125.6	8.2291746
47.8	-125.5	8.4484777
47.8	-125.4	8.718442
47.8	-125.3	8.9942894
47.7	-130	2.4096174
47.7	-129.9	2.1114416
47.7	-129.8	1.6851091
47.7	-129.7	1.3889378
47.7	-129.6	1.0900022
47.7	-129.5	0.81750149
47.7	-129.4	0.52718282
47.7	-129.3	0.23596242
47.7	-129.2	0.002085061
47.7	-129.1	0.2734074
47.7	-129	0.47799397
47.7	-128.9	0.70345294
47.7	-128.8	0.90642273
47.7	-128.7	1.1363008
47.7	-128.6	1.374828
47.7	-128.5	1.6403445
47.7	-128.4	1.9141126
47.7	-128.3	2.1800022
47.7	-128.2	2.3235276
47.7	-128.1	2.4481068
47.7	-128	2.7006824
47.7	-127.9	2.9722376
47.7	-127.8	3.251128
47.7	-127.7	3.4946105
47.7	-127.6	3.5783212
47.7	-127.5	3.8319738
47.7	-127.4	4.0949717
47.7	-127.3	4.3738914
47.7	-127.2	4.6330013
47.7	-127.1	4.8875308
47.7	-127	5.0880022
47.7	-126.9	5.2567396
47.7	-126.8	5.4202104
47.7	-126.7	5.6631827
47.7	-126.6	5.9254093
47.7	-126.5	6.1825905
47.7	-126.4	6.4124837
47.7	-126.3	6.6191702
47.7	-126.2	6.8792396
47.7	-126.1	7.1290493
47.7	-126	7.3611956
47.7	-125.9	7.6300015
47.7	-125.8	7.9012408
47.7	-125.7	8.1588116
47.7	-125.6	8.3958569
47.7	-125.5	8.5485296
47.7	-125.4	8.7200871
47.7	-125.3	9.0022726
47.6	-130	2.7249985
47.6	-129.9	2.4309568
47.6	-129.8	2.1380742
47.6	-129.7	1.8439404
47.6	-129.6	1.5472845
47.6	-129.5	1.2602181
47.6	-129.4	0.96034044
47.6	-129.3	0.64596206
47.6	-129.2	0.35921076
47.6	-129.1	0.22991481
47.6	-129	0.28086588
47.6	-128.9	0.40419933
47.6	-128.8	0.80701852
47.6	-128.7	1.02198
47.6	-128.6	1.2210994
47.6	-128.5	1.602405
47.6	-128.4	1.9070034
47.6	-128.3	2.1980374
47.6	-128.2	2.4661705
47.6	-128.1	2.6294022
47.6	-128	2.8048205
47.6	-127.9	3.0238664
47.6	-127.8	3.2615407
47.6	-127.7	3.5277431
47.6	-127.6	3.8424382
47.6	-127.5	4.1035976
47.6	-127.4	4.2285724
47.6	-127.3	4.4075112
47.6	-127.2	4.6368737
47.6	-127.1	4.9049978
47.6	-127	5.1698837
47.6	-126.9	5.4250059
47.6	-126.8	5.6683316
47.6	-126.7	5.8416238
47.6	-126.6	6.0022888
47.6	-126.5	6.2633438
47.6	-126.4	6.5526791
47.6	-126.3	6.8319359
47.6	-126.2	7.0940742
47.6	-126.1	7.2460275
47.6	-126	7.390584
47.6	-125.9	7.6218805
47.6	-125.8	7.8996096
47.6	-125.7	8.1680098
47.6	-125.6	8.4179525
47.6	-125.5	8.628459
47.6	-125.4	8.8346605
47.6	-125.3	9.0615416
47.6	-125.2	9.2849312
47.5	-130	2.748692
47.5	-129.9	2.4820962
47.5	-129.8	2.1800005
47.5	-129.7	1.9082848
47.5	-129.6	1.6463999
47.5	-129.5	1.3716128
47.5	-129.4	1.0927625
47.5	-129.3	0.84769213
47.5	-129.2	0.65794855
47.5	-129.1	0.39720464
47.5	-129	0.17939471
47.5	-128.9	0.11249328
47.5	-128.8	0.35399055
47.5	-128.7	0.64934283
47.5	-128.6	0.97969794
47.5	-128.5	1.2125002
47.5	-128.4	1.4723301
47.5	-128.3	1.7651021
47.5	-128.2	2.0579355
47.5	-128.1	2.3531337
47.5	-128	2.6631391
47.5	-127.9	2.7837639
47.5	-127.8	3.1050415
47.5	-127.7	3.3190086
47.5	-127.6	3.6651046
47.5	-127.5	3.9324403
47.5	-127.4	4.1318502
47.5	-127.3	4.3656092
47.5	-127.2	4.6330013
47.5	-127.1	4.9140396
47.5	-127	5.1936979
47.5	-126.9	5.4719906
47.5	-126.8	5.7544551
47.5	-126.7	6.0001612
47.5	-126.6	6.0814528
47.5	-126.5	6.2816491
47.5	-126.4	6.5422029
47.5	-126.3	6.8071642
47.5	-126.2	7.0861001
47.5	-126.1	7.3579993
47.5	-126	7.6152081
47.5	-125.9	7.7298412
47.5	-125.8	7.8951397
47.5	-125.7	8.1562977
47.5	-125.6	8.4418201
47.5	-125.5	8.7200031
47.5	-125.4	9.0108328
47.5	-125.3	9.1756678
47.5	-125.2	9.3191204
