48.75	-127.75	200
47.8983	-127.2	161
47.8983	-127.65	304
48.6833	-126.87	60.8
48.685	-126.87	63.7
48.6867	-126.87	59.6
48.6883	-126.87	53.9
48.6883	-126.88	68.9
48.6867	-126.86	53.3
48.6867	-126.87	57.6
48.685	-126.88	61.5
48.665	-126.85	59.5
48.665	-126.85	60.7
48.67	-126.85	58
48.665	-126.85	57.6
48.6683	-126.85	57.4
48.6683	-126.85	55.6
48.6667	-126.85	56.5
48.6667	-126.85	58
48.6667	-126.85	55.8
48.6667	-126.85	61.5
48.6667	-126.85	57.4
48.6667	-126.85	61.4
48.6683	-126.85	37.5
48.67	-126.85	60.4
47.94	-128.9	84
47.9233	-128.85	136
47.8983	-128.74	440
47.735	-127.91	345
47.7317	-127.88	129
47.87	-128.59	439
47.845	-128.47	334
47.8867	-128.66	900
47.7933	-128.21	267
48.6717	-126.86	62.2
48.69	-126.9	7.5
48.6783	-126.88	58
48.675	-126.88	58.7
48.675	-126.88	59.5
48.6733	-126.88	59.4
48.6733	-126.88	59.6
48.6717	-126.88	59.3
48.67	-126.88	61.4
48.6683	-126.87	58.8
48.6667	-126.87	62.3
48.6717	-126.86	59.4
48.665	-126.87	66
48.6633	-126.87	63.8
48.6733	-126.86	62
48.675	-126.86	60.7
48.6767	-126.86	62.3
48.6783	-126.86	60.3
48.68	-126.87	60.4
48.6817	-126.87	60.4
48.6817	-126.87	57.7
48.65	-126.91	74.2
48.66	-126.89	66.6
48.6667	-126.88	75.7
48.6667	-126.88	65
48.6683	-126.88	65.9
48.67	-126.88	64.2
48.67	-126.87	67.9
48.6717	-126.87	58.4
48.6717	-126.87	59.4
48.6733	-126.87	61.8
48.675	-126.86	61.9
48.6517	-126.91	70
48.675	-126.86	61.4
48.6767	-126.86	62.3
48.6683	-126.88	64
48.6683	-126.88	62.8
48.67	-126.87	64.2
48.6717	-126.87	66.3
48.6717	-126.87	66.6
48.6733	-126.87	59.4
48.6733	-126.86	59
48.675	-126.86	56.3
48.6533	-126.91	66.2
48.6767	-126.86	59
48.6767	-126.86	60
48.6783	-126.86	60.6
48.6783	-126.85	60.4
48.68	-126.85	56.4
48.6817	-126.85	52
48.6817	-126.85	42.3
48.6833	-126.84	42.4
48.6833	-126.84	38.4
48.685	-126.84	41.8
48.6533	-126.9	67.1
48.6867	-126.84	56.3
48.6867	-126.84	36.5
48.69	-126.83	54.2
48.6917	-126.83	70.9
48.6917	-126.82	69.9
48.6933	-126.82	71.3
48.6933	-126.82	76.2
48.695	-126.82	77.7
48.6967	-126.82	78.2
48.655	-126.9	65.2
48.6967	-126.81	63.5
48.6983	-126.81	65.8
48.705	-126.79	61.1
48.7067	-126.79	43.5
48.6567	-126.9	71.3
48.6583	-126.9	67.9
48.6583	-126.9	68.8
48.66	-126.89	67.4
48.4417	-128.473	338
48.4417	-128.466	493
48.44	-128.46	295
48.44	-128.4517	293
48.44	-128.445	293
48.4383	-128.4383	292
48.4383	-128.4317	303
48.4367	-128.4233	330
48.4367	-128.4167	326
48.435	-128.41	310
48.435	-128.4033	368
48.4333	-128.395	369
48.4333	-128.3883	389
48.4633	-128.673	170
48.4583	-128.636	512
48.4567	-128.616	458
48.4567	-128.608	1360
48.4633	-128.68	348
48.4633	-128.6733	170
48.4617	-128.665	185
48.4617	-128.6583	376
48.46	-128.6517	229
48.46	-128.645	526
48.4583	-128.6367	512
48.4583	-128.63	209
48.4567	-128.6233	303
48.4567	-128.6167	458
48.4567	-128.6083	1360
48.455	-128.595	396
48.4533	-128.5883	155
48.4533	-128.58	333
48.4517	-128.5733	145
48.4517	-128.5667	155
48.45	-128.5583	134
48.45	-128.5517	233
48.4483	-128.53	173
48.4467	-128.5233	335
48.4467	-128.5167	389
48.445	-128.51	137
48.445	-128.5017	145
48.445	-128.495	154
48.4433	-128.4883	171
48.4433	-128.48	184
48.4417	-128.4733	338
48.4417	-128.4667	493
48.455	-128.595	396
48.4533	-128.588	155
48.4533	-128.58	333
48.4517	-128.573	145
48.4517	-128.566	155
48.45	-128.558	134
48.45	-128.551	233
48.4483	-128.53	173
48.4467	-128.523	335
48.4467	-128.516	389
48.445	-128.51	137
48.445	-128.501	145
48.445	-128.495	154
48.4433	-128.488	171
48.4433	-128.48	184
48.36	-126.225	87
48.3547	-126.235	92
48.352	-126.24	82
48.3493	-126.245	83
48.3467	-126.25	81
48.335	-126.263	90
48.324	-126.306	103
48.3186	-126.328	66
48.3131	-126.35	76
48.3076	-126.371	91
48.3021	-126.393	79
48.2967	-126.415	95
48.2912	-126.436	93
48.2857	-126.458	89
48.2802	-126.48	124
48.2748	-126.501	119
48.2693	-126.523	118
48.2638	-126.545	103
48.2583	-126.566	91
48.1583	-126.606	106
48.1477	-126.627	112
48.1425	-126.637	115
48.1372	-126.647	116
48.1319	-126.657	114
48.1266	-126.667	122
48.1213	-126.678	127
48.116	-126.688	120
48.1107	-126.698	118
48.1054	-126.708	124
48.1001	-126.718	123
48.0948	-126.729	141
48.0895	-126.739	142
48.0842	-126.749	136
48.0789	-126.759	121
48.0736	-126.769	78
48.0683	-126.78	135
48.56	-127.078	109
48.554	-127.088	108
48.551	-127.093	112
48.548	-127.098	118
48.545	-127.103	118
48.6783	-126.84	89
48.6707	-126.855	96
48.6669	-126.863	88
48.6631	-126.87	92
48.6594	-126.878	97
48.6556	-126.886	96
48.6518	-126.893	107
48.648	-126.901	107
48.6442	-126.909	96
48.6404	-126.916	103
48.6366	-126.924	93
48.6328	-126.932	84
48.629	-126.939	84
48.6252	-126.947	109
48.6214	-126.955	102
48.6176	-126.963	110
48.6138	-126.97	109
48.61	-126.978	110
48.76	-126.673	82
48.7448	-126.703	81
48.7371	-126.719	75
48.7295	-126.734	67
48.7219	-126.749	82
48.7143	-126.764	72
48.7067	-126.78	92
48.2633	-126.37	95
48.2579	-126.382	92
48.2551	-126.388	95
48.2524	-126.394	103
48.2497	-126.4	94
48.2469	-126.406	105
48.2442	-126.412	106
48.2415	-126.418	100
48.2388	-126.424	95
48.236	-126.43	97
48.2333	-126.436	99
48.2306	-126.442	103
48.2278	-126.448	109
48.2251	-126.454	127
48.2224	-126.46	101
48.2196	-126.466	91
48.2169	-126.472	94
48.2142	-126.478	100
48.2114	-126.484	93
48.2087	-126.49	89
48.206	-126.496	66
48.2032	-126.502	129
48.2005	-126.508	46
48.1978	-126.514	69
48.195	-126.52	67
48.1923	-126.526	94
48.1896	-126.532	115
48.1869	-126.538	121
48.1841	-126.544	97
48.1814	-126.55	120
48.1787	-126.556	110
48.1759	-126.562	114
48.1732	-126.568	112
48.1705	-126.574	111
48.1677	-126.58	114
48.165	-126.586	130
48.415	-126.965	147
48.425	-126.977	147
48.43	-126.984	142
48.435	-126.99	145
48.44	-126.997	145
48.445	-127.003	139
48.45	-127.01	117
48.355	-126.223	89
48.56	-127.0783	109
48.5563	-127.0846	108
48.5525	-127.0908	112
48.5488	-127.0971	118
48.6783	-126.84	89
48.6743	-126.8481	96
48.6703	-126.8563	88
48.6663	-126.8644	92
48.6623	-126.8725	97
48.6582	-126.8807	96
48.6542	-126.8888	107
48.6462	-126.9051	96
48.6422	-126.9132	103
48.6381	-126.9214	93
48.6341	-126.9295	84
48.6261	-126.9458	109
48.6221	-126.9539	102
48.618	-126.9621	110
48.614	-126.9702	109
48.61	-126.9783	110
48.76	-126.6732	82
48.7511	-126.691	81
48.7422	-126.7088	75
48.7333	-126.7266	67
48.7245	-126.7444	82
48.7156	-126.7622	72
48.7067	-126.78	92
48.2633	-126.37	95
48.2605	-126.3762	92
48.2577	-126.3824	95
48.2549	-126.3886	103
48.2521	-126.3948	94
48.2493	-126.401	105
48.2465	-126.4071	106
48.2437	-126.4133	100
48.2409	-126.4195	95
48.238	-126.4257	97
48.2352	-126.4319	99
48.2324	-126.4381	103
48.2296	-126.4443	109
48.2268	-126.4505	127
48.224	-126.4567	101
48.2212	-126.4629	91
48.2184	-126.469	94
48.2156	-126.4752	100
48.2128	-126.4814	93
48.21	-126.4876	89
48.2071	-126.4938	66
48.2043	-126.5	129
48.2015	-126.5062	46
48.1987	-126.5124	69
48.1959	-126.5186	67
48.1931	-126.5248	94
48.1903	-126.531	115
48.1875	-126.5371	121
48.1847	-126.5433	97
48.1819	-126.5495	120
48.1791	-126.5557	110
48.1762	-126.5619	114
48.1734	-126.5681	112
48.1706	-126.5743	111
48.1678	-126.5805	114
48.165	-126.5867	130
48.4115	-126.965	147
48.4243	-126.98	142
48.4308	-126.9875	145
48.4436	-127.0025	139
48.45	-127.01	117
48.355	-126.2233	89
48.36	-126.225	87
48.3567	-126.2313	92
48.3533	-126.2375	82
48.35	-126.2437	83
48.3467	-126.25	81
48.335	-126.2633	90
48.3307	-126.2727	103
48.3263	-126.282	66
48.322	-126.2913	76
48.3176	-126.3007	91
48.3133	-126.31	79
48.2867	-126.5067	95
48.2826	-126.5152	93
48.2786	-126.5238	89
48.2745	-126.5324	124
48.2705	-126.541	119
48.2664	-126.5495	118
48.2624	-126.5581	103
48.2583	-126.5667	91
48.1583	-126.6067	106
48.1527	-126.6175	112
48.1471	-126.6283	115
48.1415	-126.6392	116
48.1358	-126.65	114
48.1302	-126.6608	122
48.1246	-126.6717	127
48.119	-126.6825	120
48.1133	-126.6933	118
48.1077	-126.7042	124
48.1021	-126.715	123
48.0965	-126.7258	141
48.0908	-126.7367	142
48.0852	-126.7475	136
48.074	-126.7692	78
48.0683	-126.78	135
47.925	-128.85	166
47.9242	-128.839	149
47.9233	-128.837	94
47.9217	-128.827	113
47.92	-128.821	111
47.9188	-128.815	115
47.9183	-128.81	98
47.914	-128.808	88
47.9133	-128.804	96
47.9108	-128.796	115
47.9083	-128.792	131
47.9008	-128.778	166
47.8783	-128.725	247
47.877	-128.719	228
47.8752	-128.714	249
47.8715	-128.708	260
47.8717	-128.7	290
47.8715	-128.695	282
47.8685	-128.685	357
47.863	-128.68	273
47.8615	-128.672	290
47.8612	-128.668	273
47.8563	-128.662	333
47.8565	-128.655	456
47.8542	-128.643	334
47.85	-128.638	245
47.8517	-128.63	275
47.9608	-128.808	358
47.9565	-128.807	478
47.9525	-128.806	390
47.9467	-128.813	386
47.9413	-128.81	364
47.9342	-128.832	304
47.9292	-128.818	112
47.925	-128.82	153
47.9197	-128.821	73
47.9158	-128.827	175
47.9108	-128.824	113
47.904	-128.827	110
47.8967	-128.828	180
47.8907	-128.827	139
47.8865	-128.827	123
47.8792	-128.831	114
47.8737	-128.833	119
47.8692	-128.835	125
47.8645	-128.837	265
47.9923	-128.792	208
47.988	-128.796	170
47.9837	-128.795	172
47.9772	-128.799	148
47.9707	-128.805	177
47.9697	-128.813	161
47.965	-128.825	131
47.9632	-128.823	139
47.9402	-128.761	91
47.942	-128.768	106
47.9467	-128.784	111
47.948	-128.791	85
47.9487	-128.8	85
47.9497	-128.806	157
47.9583	-128.829	92
47.8247	-128.667	571
47.83	-128.669	542
47.8375	-128.675	409
47.843	-128.68	427
47.8542	-128.682	312
47.858	-128.683	298
47.8655	-128.685	360
47.8705	-128.687	274
47.8758	-128.689	251
47.8822	-128.695	291
47.8837	-128.698	304
47.8908	-128.701	266
47.8608	-128.636	271
47.867	-128.64	274
47.8708	-128.642	358
47.8762	-128.645	245
47.8808	-128.647	309
47.885	-128.652	298
47.8875	-128.657	207
47.8908	-128.658	384
47.8938	-128.658	364
47.8967	-128.663	398
47.899	-128.666	387
47.7505	-127.218	146
47.7523	-127.226	140
47.7535	-127.237	146
47.7555	-127.252	142
47.7575	-127.259	143
47.7583	-127.266	147
47.7743	-127.334	161
47.7758	-127.347	154
47.7775	-127.354	166
47.7792	-127.359	158
47.7808	-127.372	181
47.785	-127.388	155
47.7858	-127.395	145
47.8363	-127.722	1164
47.8403	-127.741	759
47.8417	-127.749	310
47.8435	-127.765	253
47.8443	-127.772	223
47.845	-127.777	194
47.8473	-127.785	213
47.8483	-127.795	209
47.8503	-127.809	237
47.8527	-127.818	255
47.8522	-127.823	277
47.8545	-127.831	258
47.8562	-127.843	269
47.8593	-127.872	213
47.8633	-127.906	221
47.8492	-127.633	1741
47.8508	-127.641	366
47.8523	-127.648	460
47.8558	-127.666	215
47.8583	-127.674	200
47.8593	-127.684	171
47.8617	-127.695	202
47.8625	-127.702	244
47.8637	-127.707	326
47.8642	-127.71	440
47.8652	-127.715	1004
47.866	-127.72	1169
47.8675	-127.722	353
47.8687	-127.728	253
47.87	-127.736	300
47.8698	-127.742	297
47.8698	-127.623	720
47.8963	-127.639	262
47.9113	-127.643	225
47.9172	-127.646	197
47.9228	-127.651	170
47.929	-127.654	157
47.9377	-127.657	153
47.8585	-127.678	154
47.8633	-127.684	177
47.8692	-127.685	196
47.8735	-127.689	244
47.8792	-127.693	246
47.8858	-127.696	223
47.8892	-127.699	283
47.8918	-127.7	338
47.8953	-127.705	512
47.9008	-127.705	988
47.907	-127.709	429
47.9172	-127.714	277
47.9208	-127.717	340
47.9275	-127.721	273
47.937	-127.725	277
47.9442	-127.729	279
47.9495	-127.733	195
47.9553	-127.735	178
47.9602	-127.738	180
47.7595	-127.625	159
47.8315	-127.664	222
47.8373	-127.665	196
47.8422	-127.668	210
47.8465	-127.671	260
47.853	-127.672	211
47.8553	-127.677	199
47.8175	-127.486	208
47.8183	-127.491	185
47.82	-127.507	216
47.8225	-127.521	146
47.8257	-127.53	132
47.8282	-127.537	132
47.8287	-127.545	160
47.8323	-127.562	251
47.8352	-127.569	275
47.836	-127.576	393
47.839	-127.591	237
47.8417	-127.598	197
47.8435	-127.608	253
47.8907	-127.492	221
47.913	-127.59	205
47.9113	-127.592	224
47.7223	-127.824	184
47.72	-127.816	181
47.7186	-127.812	172
47.7152	-127.796	218
47.7132	-127.792	269
47.7127	-127.788	302
47.7145	-127.786	971
47.7108	-127.778	1234
47.7098	-127.777	465
47.7095	-127.776	434
47.7092	-127.776	311
47.7083	-127.772	227
47.707	-127.766	210
47.706	-127.761	197
47.7566	-127.757	179
47.7035	-127.753	178
47.702	-127.746	162
47.8618	-127.697	217
47.8623	-127.7	214
47.863	-127.704	245
47.8635	-127.709	309
47.8642	-127.712	392
47.8652	-127.715	564
47.8655	-127.718	1066
47.8668	-127.722	1003
47.868	-127.725	335
47.868	-127.728	214
47.8697	-127.735	217
47.852	-127.733	266
47.8505	-127.728	295
47.8495	-127.723	452
47.8497	-127.72	684
47.8497	-127.718	485
47.849	-127.716	435
47.8475	-127.715	367
47.8473	-127.711	255
47.8475	-127.703	208
47.7883	-127.851	220
47.9222	-128.722	171
47.9215	-128.717	164
47.9218	-128.711	170
47.9205	-128.707	183
47.92	-128.701	168
47.9193	-128.695	222
47.9178	-128.692	236
47.9167	-128.686	258
47.915	-128.676	276
47.9132	-128.67	284
47.9125	-128.668	296
47.9125	-128.662	313
47.9115	-128.658	328
47.909	-128.65	338
47.9072	-128.646	345
47.9067	-128.642	342
47.904	-128.633	360
47.9033	-128.628	351
47.9018	-128.624	327
47.9013	-128.616	305
47.9	-128.613	336
47.8995	-128.605	283
47.8995	-128.605	308
47.898	-128.598	346
47.897	-128.591	311
47.8967	-128.585	325
47.8952	-128.581	330
47.8947	-128.575	357
47.893	-128.571	616
47.8933	-128.567	783
47.8932	-128.565	497
47.8915	-128.559	697
47.8915	-128.555	759
47.8913	-128.555	499
47.8907	-128.552	381
47.8898	-128.544	358
47.8893	-128.544	324
47.888	-128.539	228
47.8867	-128.529	175
47.8855	-128.525	217
47.8835	-128.52	262
47.917	-128.519	177
47.9185	-128.523	173
47.9193	-128.525	179
47.9212	-128.529	180
47.9204	-128.534	202
47.9215	-128.536	213
47.9217	-128.539	233
47.9212	-128.544	247
47.9222	-128.545	267
47.9223	-128.549	278
47.9237	-128.549	282
47.9237	-128.552	374
47.9243	-128.554	539
47.9255	-128.556	453
47.9253	-128.561	450
47.9255	-128.562	380
47.9262	-128.565	290
47.9262	-128.569	287
47.9275	-128.572	308
47.9293	-128.579	257
47.9288	-128.581	251
47.9293	-128.582	240
47.9297	-128.584	238
47.9293	-128.586	245
47.9297	-128.587	242
47.93	-128.587	248
47.9297	-128.589	256
47.9308	-128.59	274
47.9313	-128.591	280
47.9315	-128.593	280
47.9317	-128.595	265
47.9317	-128.595	259
47.9318	-128.597	255
47.9342	-128.599	249
47.9328	-128.598	245
47.9318	-128.602	252
47.9325	-128.602	258
47.9322	-128.603	266
47.9328	-128.605	268
47.9332	-128.606	274
47.9332	-128.608	281
47.9335	-128.609	285
47.934	-128.61	294
47.9347	-128.609	289
47.934	-128.611	290
47.9342	-128.613	299
47.9347	-128.614	295
47.9355	-128.614	295
47.936	-128.616	289
47.9358	-128.617	284
47.9355	-128.619	280
47.9362	-128.619	277
47.9363	-128.619	273
47.936	-128.623	275
47.9372	-128.626	293
47.937	-128.625	293
47.9372	-128.626	295
47.9383	-128.627	291
47.938	-128.628	289
47.9385	-128.632	272
47.939	-128.632	269
47.939	-128.633	264
47.9393	-128.633	267
47.9391	-128.638	265
47.905	-128.548	239
47.9062	-128.551	273
47.9073	-128.552	386
47.9068	-128.553	421
47.9057	-128.555	439
47.9073	-128.557	368
47.908	-128.56	453
47.9085	-128.563	654
47.9092	-128.568	395
47.9097	-128.571	296
47.91	-128.573	291
47.9115	-128.574	287
47.9115	-128.578	305
47.912	-128.58	305
47.9122	-128.583	330
47.9127	-128.586	338
47.9135	-128.588	337
47.9137	-128.591	334
47.9137	-128.594	321
47.9155	-128.599	309
47.9155	-128.599	309
47.9155	-128.601	308
47.9157	-128.604	276
47.7152	-127.786	1354
47.7142	-127.785	2350
47.715	-127.785	3082
47.7163	-127.785	1865
47.7182	-127.783	598
47.7185	-127.781	429
47.7198	-127.782	389
47.719	-127.784	382
47.7213	-127.78	346
47.724	-127.779	282
47.7253	-127.779	274
47.7268	-127.778	279
47.7285	-127.777	269
47.732	-127.775	268
47.733	-127.774	268
47.7348	-127.774	270
47.736	-127.774	272
47.7378	-127.772	291
47.6855	-127.755	150
47.6858	-127.758	161
47.6879	-127.762	160
47.6878	-127.765	162
47.6887	-127.769	164
47.6896	-127.773	167
47.6907	-127.775	184
47.691	-127.779	199
47.6914	-127.781	210
47.6925	-127.786	231
47.6935	-127.789	284
47.694	-127.792	292
47.6946	-127.796	288
47.696	-127.799	234
47.696	-127.802	253
47.6965	-127.805	227
47.6976	-127.808	182
47.718	-127.743	162
47.719	-127.746	169
47.7201	-127.748	173
47.72	-127.755	177
47.7199	-127.758	183
47.7223	-127.765	189
47.7228	-127.768	208
47.7232	-127.771	230
47.7234	-127.776	272
47.7242	-127.778	273
47.7254	-127.781	276
47.7255	-127.784	278
47.7283	-127.786	252
47.7265	-127.79	232
47.7272	-127.794	206
47.7278	-127.797	186
47.7289	-127.799	175
47.7291	-127.803	188
47.7298	-127.807	185
47.7301	-127.811	186
47.7312	-127.813	192
47.7311	-127.816	180
47.7316	-127.819	172
47.7349	-127.734	161
47.7348	-127.737	161
47.7365	-127.743	164
47.7371	-127.747	170
47.7373	-127.75	170
47.7384	-127.753	179
47.7397	-127.759	200
47.7403	-127.762	220
47.7406	-127.765	234
47.7414	-127.769	266
47.7419	-127.772	272
47.7428	-127.775	272
47.743	-127.779	263
47.7441	-127.782	229
47.7444	-127.784	204
47.7462	-127.788	211
47.7454	-127.791	221
47.746	-127.795	219
47.7467	-127.798	214
47.7475	-127.801	205
47.748	-127.805	205
47.749	-127.808	207
47.7492	-127.811	200
47.75	-127.815	192
47.7513	-127.82	172
47.752	-127.824	169
47.7524	-127.828	171
47.6864	-127.776	200
47.6863	-127.778	212
47.6865	-127.781	233
47.6877	-127.783	239
47.6879	-127.786	244
47.6889	-127.789	268
47.6894	-127.791	294
47.6899	-127.793	306
47.6907	-127.796	311
47.6915	-127.798	261
47.6919	-127.801	235
47.6922	-127.802	233
47.6927	-127.806	221
47.6937	-127.809	202
47.694	-127.811	200
47.6926	-127.796	245
47.6937	-127.795	271
47.6959	-127.793	278
47.6978	-127.793	265
47.6992	-127.793	272
47.7009	-127.745	144
47.7007	-127.75	169
47.7017	-127.752	159
47.7026	-127.754	167
47.7034	-127.757	178
47.7035	-127.76	176
47.7046	-127.763	188
47.7047	-127.765	192
47.7057	-127.769	203
47.706	-127.772	215
47.7062	-127.773	222
47.7077	-127.776	234
47.7083	-127.78	339
47.7087	-127.78	436
47.7095	-127.784	989
47.7113	-127.792	590
47.7126	-127.795	318
47.7129	-127.798	252
47.7138	-127.801	215
47.7144	-127.802	212
47.7147	-127.807	188
47.7154	-127.808	192
47.7163	-127.811	208
47.7168	-127.814	167
47.7177	-127.817	167
47.7187	-127.821	179
47.7062	-127.769	218
47.7062	-127.772	218
47.7091	-127.786	454
47.709	-127.785	932
47.7095	-127.784	1108
47.7098	-127.783	763
47.7089	-127.781	468
47.7054	-127.765	202
47.707	-127.764	212
47.7086	-127.762	199
47.7098	-127.761	195
47.7103	-127.761	191
47.7129	-127.761	192
47.7151	-127.759	186
47.7166	-127.759	184
47.7185	-127.757	183
47.7203	-127.756	179
47.722	-127.756	181
47.7236	-127.755	178
47.725	-127.754	177
47.7272	-127.753	178
47.7289	-127.752	174
47.7164	-127.637	138
47.7165	-127.64	140
47.717	-127.643	153
47.7176	-127.647	171
47.719	-127.653	185
47.7196	-127.656	193
47.7213	-127.664	209
47.7216	-127.666	200
47.7234	-127.676	189
47.7245	-127.682	209
47.7263	-127.691	255
47.7272	-127.694	232
47.728	-127.698	189
47.7288	-127.701	177
47.7295	-127.704	182
47.73	-127.708	177
47.7307	-127.711	186
47.7318	-127.714	179
47.7319	-127.717	170
47.7324	-127.721	161
47.7331	-127.724	158
47.7062	-127.8	237
47.7067	-127.799	234
47.707	-127.798	258
47.7074	-127.797	286
47.7076	-127.795	336
47.7077	-127.794	403
47.7084	-127.794	452
47.7085	-127.793	712
47.7087	-127.792	927
47.7091	-127.791	1272
47.7095	-127.79	1526
47.7094	-127.79	1710
47.7094	-127.789	1957
47.712	-127.784	1219
47.7125	-127.783	902
47.7125	-127.782	920
47.7131	-127.781	706
47.7125	-127.78	508
47.7131	-127.778	402
47.7137	-127.778	360
47.7144	-127.776	313
47.7138	-127.775	270
47.7146	-127.773	253
47.7148	-127.773	253
47.7157	-127.775	299
47.7159	-127.777	294
47.716	-127.777	325
47.7165	-127.779	390
47.7171	-127.781	413
47.7169	-127.783	451
47.717	-127.783	485
47.718	-127.784	531
47.7183	-127.786	565
47.7008	-127.78	252
47.7019	-127.781	263
47.7021	-127.781	268
47.7032	-127.781	284
47.7041	-127.781	284
47.7047	-127.781	302
47.7035	-127.782	291
47.7041	-127.782	293
47.7045	-127.783	304
47.7054	-127.784	317
47.7045	-127.786	328
47.7072	-127.785	366
47.708	-127.786	455
47.7095	-127.787	926
47.7137	-127.789	1111
47.7141	-127.79	700
47.7156	-127.79	504
47.7164	-127.791	384
47.7171	-127.792	323
47.7178	-127.792	296
47.7185	-127.793	264
47.7193	-127.792	254
47.72	-127.793	236
47.7201	-127.791	251
47.7192	-127.791	257
47.7194	-127.789	299
47.7191	-127.787	332
47.7184	-127.786	403
47.7181	-127.785	487
47.7176	-127.784	544
47.7171	-127.782	480
47.7071	-127.774	234
47.7077	-127.775	242
47.7079	-127.776	256
47.7081	-127.778	272
47.7086	-127.778	292
47.7088	-127.78	330
47.7086	-127.78	376
47.7089	-127.781	390
47.709	-127.782	441
47.7089	-127.782	506
47.7095	-127.783	625
47.7094	-127.783	826
47.709	-127.784	1244
47.7094	-127.785	1320
47.7109	-127.79	848
47.7107	-127.788	1433
47.7112	-127.791	704
47.7108	-127.791	642
47.7119	-127.793	433
47.7118	-127.794	373
47.7122	-127.794	323
47.712	-127.795	317
47.7125	-127.796	280
47.7125	-127.797	254
47.7131	-127.798	228
47.7156	-127.801	224
47.7139	-127.802	217
47.7152	-127.79	335
47.7149	-127.788	513
47.7143	-127.787	731
47.7138	-127.784	1797
47.7129	-127.782	1001
47.7125	-127.781	817
47.7126	-127.783	1254
47.7125	-127.784	1415
47.7126	-127.784	1128
47.7132	-127.786	2662
47.7134	-127.787	1122
47.7216	-127.776	213
47.7225	-127.777	215
47.7224	-127.779	210
47.7224	-127.779	213
47.7231	-127.78	207
47.7226	-127.781	205
47.7233	-127.782	200
47.7231	-127.784	211
47.7237	-127.785	201
47.7245	-127.78	206
47.7241	-127.778	205
47.7232	-127.78	205
47.7228	-127.781	201
47.7207	-127.781	200
47.7201	-127.782	204
47.7203	-127.782	233
47.72	-127.783	249
47.7179	-127.783	252
47.7184	-127.769	306
47.7175	-127.785	355
47.7175	-127.784	415
47.7164	-127.785	441
47.7155	-127.785	531
47.7146	-127.786	698
47.7147	-127.785	994
47.7141	-127.785	1381
47.7132	-127.786	4037
47.7157	-127.785	1285
47.9321	-128.594	252
47.9324	-128.596	252
47.933	-128.597	246
47.9333	-128.598	243
47.9333	-128.6	250
47.9338	-128.601	260
47.9339	-128.602	261
47.9339	-128.602	266
47.9345	-128.604	271
47.9346	-128.605	274
47.9349	-128.607	278
47.9351	-128.608	275
47.9354	-128.609	284
47.9357	-128.61	281
47.9362	-128.613	297
47.9365	-128.614	295
47.9366	-128.615	293
47.937	-128.617	288
47.9372	-128.618	282
47.9377	-128.619	279
47.9378	-128.62	277
47.9381	-128.622	278
47.9383	-128.623	284
47.9386	-128.624	284
47.9389	-128.625	288
47.9392	-128.626	288
47.9397	-128.628	280
47.9399	-128.629	277
47.94	-128.63	276
47.9402	-128.632	268
47.9406	-128.633	265
47.9409	-128.634	261
47.941	-128.635	264
47.9416	-128.638	260
47.9418	-128.639	256
47.9422	-128.64	259
47.9406	-128.586	228
47.9408	-128.587	221
47.9411	-128.588	214
47.9414	-128.589	213
47.9416	-128.591	213
47.9419	-128.592	215
47.9421	-128.594	223
47.9424	-128.595	219
47.943	-128.598	230
47.9432	-128.599	229
47.9438	-128.6	240
47.9439	-128.602	250
47.944	-128.603	255
47.9442	-128.604	259
47.9447	-128.605	264
47.9449	-128.606	261
47.945	-128.608	257
47.9453	-128.609	261
47.9456	-128.61	262
47.9462	-128.613	268
47.9464	-128.614	270
47.9467	-128.615	277
47.9469	-128.617	276
47.9472	-128.618	261
47.9474	-128.619	264
47.9476	-128.62	256
47.9478	-128.622	252
47.9483	-128.623	251
47.9484	-128.624	244
47.9487	-128.626	234
47.9489	-128.627	234
47.9492	-128.628	235
47.9496	-128.63	233
47.9497	-128.631	232
47.95	-128.632	230
47.9502	-128.633	230
47.9505	-128.635	226
47.9508	-128.636	219
47.9511	-128.637	215
47.9512	-128.639	217
47.9515	-128.64	207
47.9518	-128.641	199
47.9521	-128.643	194
47.9522	-128.643	197
47.9527	-128.645	192
47.953	-128.646	188
47.9493	-128.582	201
47.9493	-128.583	198
47.9498	-128.584	202
47.9499	-128.586	206
47.9503	-128.587	203
47.9505	-128.588	209
47.9507	-128.59	215
47.951	-128.591	221
47.9513	-128.592	231
47.9517	-128.593	227
47.952	-128.596	236
47.9523	-128.597	240
47.9525	-128.599	248
47.9528	-128.6	251
47.9532	-128.601	249
47.9535	-128.602	244
47.9538	-128.604	239
47.9539	-128.605	236
47.9569	-128.571	220
47.9572	-128.572	216
47.9574	-128.574	209
47.9576	-128.575	204
47.9579	-128.576	199
47.9582	-128.578	201
47.9594	-128.584	220
47.9599	-128.587	209
47.9605	-128.588	199
47.8912	-128.666	329
47.8921	-128.671	343
47.8928	-128.674	382
47.8936	-128.678	349
47.8947	-128.683	345
47.8951	-128.686	298
47.8961	-128.69	277
47.8965	-128.694	263
47.8975	-128.697	275
47.8984	-128.701	240
47.8992	-128.705	214
47.8998	-128.709	204
47.9008	-128.713	243
47.9014	-128.716	236
47.9023	-128.72	226
47.903	-128.724	200
47.9038	-128.728	211
47.9046	-128.731	182
47.906	-128.74	126
47.9069	-128.743	135
47.9077	-128.746	142
47.9085	-128.751	156
47.9092	-128.755	185
47.9104	-128.758	184
47.9109	-128.762	110
47.9113	-128.766	114
47.9127	-128.769	133
47.9137	-128.776	141
47.9146	-128.777	140
47.9156	-128.782	100
47.9158	-128.786	83
47.9166	-128.79	73
47.9172	-128.794	79
47.9182	-128.798	79
47.9213	-128.813	102
47.9222	-128.817	106
47.9224	-128.818	107
47.9223	-128.819	106
47.9229	-128.82	106
47.9231	-128.822	115
47.9232	-128.823	119
47.9236	-128.824	111
47.9238	-128.826	85
47.9243	-128.827	71
47.9242	-128.828	69
47.9247	-128.83	73
47.9249	-128.831	83
47.9252	-128.832	99
47.9255	-128.833	112
47.9257	-128.835	130
47.9383	-128.573	252
47.9385	-128.574	235
47.9387	-128.576	226
47.939	-128.577	220
47.9392	-128.578	216
47.9395	-128.579	219
47.9395	-128.581	221
47.9398	-128.582	231
47.9402	-128.583	238
47.9403	-128.584	238
47.9333	-128.574	234
47.8559	-128.494	418
47.8563	-128.497	393
47.8575	-128.502	389
47.8579	-128.505	452
47.8579	-128.509	455
47.8589	-128.51	431
47.8593	-128.513	363
47.8598	-128.515	304
47.8605	-128.518	302
47.8611	-128.52	293
47.8616	-128.523	279
47.8621	-128.526	288
47.8627	-128.528	324
47.8632	-128.531	298
47.8637	-128.534	334
47.8642	-128.536	367
47.8648	-128.538	318
47.8653	-128.541	276
47.8659	-128.544	267
47.8664	-128.546	269
47.867	-128.549	283
47.8675	-128.551	299
47.868	-128.553	313
47.8685	-128.556	302
47.869	-128.559	308
47.8696	-128.561	330
47.87	-128.564	299
47.8705	-128.567	394
47.8711	-128.569	552
47.8713	-128.572	606
47.8723	-128.574	483
47.8724	-128.577	448
47.8731	-128.579	532
47.8735	-128.582	503
47.8741	-128.585	463
47.8749	-128.587	450
47.8753	-128.59	411
47.8758	-128.592	464
47.8763	-128.595	474
47.877	-128.598	533
47.8775	-128.6	477
47.8779	-128.603	404
47.8787	-128.606	386
47.8795	-128.61	453
47.8804	-128.614	338
47.8812	-128.618	283
47.8821	-128.623	283
47.8826	-128.626	280
47.8835	-128.63	303
47.8851	-128.638	349
47.8858	-128.641	415
47.8867	-128.644	368
47.8873	-128.649	462
47.8881	-128.653	401
47.8888	-128.656	311
47.8897	-128.66	313
47.9165	-128.792	85
47.9175	-128.794	85
47.9183	-128.798	84
47.9188	-128.801	82
47.9198	-128.806	82
47.9198	-128.807	92
47.9203	-128.809	103
47.9206	-128.81	98
47.921	-128.812	113
47.9215	-128.814	114
47.7533	-127.713	164
47.7538	-127.716	158
47.7543	-127.718	150
47.7549	-127.721	150
47.7555	-127.723	155
47.7559	-127.726	157
47.7563	-127.729	158
47.7568	-127.732	160
47.7576	-127.734	156
47.758	-127.737	162
47.7586	-127.739	169
47.7592	-127.742	182
47.7597	-127.744	195
47.7605	-127.747	204
47.7609	-127.749	220
47.7613	-127.752	255
47.7621	-127.754	283
47.7622	-127.757	326
47.7629	-127.76	343
47.7634	-127.763	320
47.7637	-127.765	297
47.7641	-127.767	256
47.7649	-127.77	245
47.7653	-127.772	245
47.7659	-127.775	235
47.7664	-127.778	229
47.7671	-127.781	222
47.7674	-127.783	219
47.768	-127.785	213
47.7686	-127.788	197
47.7691	-127.79	198
47.769	-127.695	208
47.7696	-127.697	206
47.77	-127.699	202
47.7707	-127.702	205
47.7711	-127.705	205
47.7716	-127.707	198
47.7721	-127.71	176
47.7726	-127.712	178
47.7732	-127.715	180
47.7737	-127.718	182
47.7742	-127.72	191
47.7746	-127.722	190
47.7753	-127.725	196
47.7755	-127.726	202
47.7759	-127.728	197
47.7761	-127.729	196
47.7763	-127.731	198
47.7766	-127.732	198
47.7768	-127.733	198
47.7772	-127.734	212
47.7772	-127.736	203
47.7776	-127.737	215
47.7778	-127.738	229
47.7781	-127.74	254
47.7783	-127.741	279
47.7784	-127.742	300
47.7789	-127.743	315
47.7789	-127.745	334
47.7793	-127.746	341
47.7798	-127.747	342
47.78	-127.749	359
47.7803	-127.75	365
47.7808	-127.752	362
47.781	-127.753	361
47.7814	-127.755	361
47.7815	-127.756	345
47.7817	-127.757	325
47.7822	-127.759	319
47.7822	-127.759	330
47.7829	-127.762	296
47.783	-127.763	278
47.7839	-127.767	243
47.7842	-127.769	230
47.785	-127.772	229
47.7852	-127.773	226
47.786	-127.777	215
47.7863	-127.778	207
47.7867	-127.78	201
47.7873	-127.783	193
47.7879	-127.786	193
47.7883	-127.788	191
47.7891	-127.792	194
47.7896	-127.794	202
47.79	-127.797	207
47.7905	-127.799	195
47.7601	-127.747	199
47.7605	-127.749	217
47.761	-127.752	248
47.7613	-127.753	256
47.7613	-127.753	273
47.7616	-127.755	308
47.762	-127.757	320
47.762	-127.757	338
47.7624	-127.759	340
47.7629	-127.76	353
47.7629	-127.761	349
47.7633	-127.762	327
47.7637	-127.763	316
47.7639	-127.765	294
47.7642	-127.766	278
47.7641	-127.767	257
47.7645	-127.769	238
47.7648	-127.77	235
47.7652	-127.771	250
47.7654	-127.773	246
47.7656	-127.774	240
47.7684	-127.788	218
47.7691	-127.79	207
47.7695	-127.793	192
47.7702	-127.796	193
47.7707	-127.798	181
47.7712	-127.8	181
47.7718	-127.803	199
47.7722	-127.806	180
47.7727	-127.809	182
47.7732	-127.811	184
47.7737	-127.813	187
48.33166667	-129.5016667	252.238
48.71333333	-129.3266667	273.607
48.81166667	-128.525	338.971
48.69666667	-128.6383333	185.198
48.82166667	-128.7533333	87.99
48.82166667	-128.7533333	87.99
48.82166667	-128.7533333	87.99
48.33333333	-128.645	256.428
48.35666667	-128.5666667	300.004
48.39	-128.4416667	272.35
48.36166667	-128.2533333	274.864
48.47666667	-128.2666667	321.792
48.46	-128.4466667	433.246
48.45833333	-128.555	423.19
48.455	-128.6716667	339.39
48.455	-128.6716667	339.39
48.455	-128.6716667	339.39
48.44666667	-128.81	527.94
48.44666667	-128.81	527.94
48.44666667	-128.81	527.94
48.46666667	-128.9916667	366.625
48.46666667	-129.0766667	202.377
48.46833333	-129.2216667	319.278
48.54666667	-129.45	237.573
48.52833333	-129.3433333	234.64
48.55333333	-129.23	193.159
48.54666667	-128.9266667	419
48.55166667	-128.6666667	104.75
48.55166667	-128.6666667	104.75
48.55166667	-128.6666667	104.75
48.56166667	-128.69	360.34
48.56166667	-128.69	360.34
48.56166667	-128.69	360.34
48.555	-128.5366667	190.226
48.56666667	-128.39	351.96
48.55666667	-128.2833333	295.395
48.6365	-128.26	199.025
48.66666667	-128.4283333	162.991
48.65833333	-128.5016667	227.098
48.65166667	-128.6766667	217.88
48.65166667	-128.6766667	217.88
48.65166667	-128.6766667	217.88
48.63833333	-129.4666667	224.165
48.72	-129.4916667	171.371
48.815	-129.505	307.546
48.465	-129.3983333	597.494
48.34166667	-128.9666667	114.387
48.355	-128.805	328.077
48.535	-129.0833333	423.19
48.645	-129.08	234.64
48.62833333	-128.9983333	316.764
48.69333333	-129.08	45.671
48.80166667	-129.105	238.83
48.905	-129.0666667	207.405
48.82833333	-128.9383333	136.594
48.71166667	-128.9083333	275.283
48.69666667	-128.7616667	129.89
48.69666667	-128.7616667	129.89
48.69666667	-128.7616667	129.89
48.82166667	-128.7933333	146.65
48.82166667	-128.7933333	146.65
48.82166667	-128.7933333	146.65
48.99666667	-128.9216667	163.829
48.89	-128.9383333	343.161
48.89333333	-128.8016667	175.98
48.89333333	-128.8016667	175.98
48.89333333	-128.8016667	175.98
48.89666667	-128.695	146.65
48.89666667	-128.695	146.65
48.89666667	-128.695	146.65
48.71666667	-128.2516667	199.863
48.71166667	-128.395	157.544
48.705	-128.54	263.97
48.70333333	-128.6683333	87.99
48.70333333	-128.6683333	87.99
48.70333333	-128.6683333	87.99
48.65333333	-129.22	400.983
48.63833333	-129.3033333	313.831
48.705	-129.1883333	350.703
48.80333333	-129.2183333	201.958
48.9	-129.1933333	460.9
48.81833333	-129.3233333	298.747
48.90833333	-129.4266667	258.942
48.91	-129.31	196.092
48.82	-128.6683333	87.99
48.82	-128.6683333	87.99
48.82	-128.6683333	87.99
48.89666667	-128.5333333	320.116
48.915	-128.395	149.583
48.90666667	-128.2583333	190.226
48.80833333	-128.2383333	297.071
48.805	-128.4083333	294.138
48.645	-128.7766667	138.27
48.645	-128.7766667	138.27
48.645	-128.7766667	138.27
48.71666667	-128.3883333	154.192
48.70166667	-128.5583333	195.673
48.705	-128.61	408.106
48.71333333	-128.5166667	667.048
48.89	-128.3017	70
48.47	-128.7817	404
48.465	-128.7967	397
48.5717	-128.685	371
48.57	-128.6883	262
48.5717	-128.6933	267
48.57	-128.695	338
48.565	-128.6983	388
48.5617	-128.7	359
48.5567	-128.7033	474
48.55	-128.7067	587
48.5483	-128.71	494
48.545	-128.715	413
48.535	-128.72	335
48.53	-128.7233	302
48.5233	-128.7283	278
48.5167	-128.7333	305
48.51	-128.74	306
48.5067	-128.7433	217
48.52	-128.8167	165
48.5233	-128.8033	159
48.525	-128.7933	161
48.5233	-128.7833	150
48.5167	-128.7733	169
48.5083	-128.77	133
48.495	-128.765	230
48.4917	-128.7633	263
48.485	-128.7617	268
48.48	-128.76	272
48.4733	-128.7517	309
48.4683	-128.7467	348
48.4583	-128.7417	424
48.45	-128.7383	412
48.4467	-128.7367	1005
48.5117	-128.7817	151
48.51	-128.78	189
48.5067	-128.7717	120
48.505	-128.7667	203
48.5017	-128.76	299
48.5	-128.7567	320
48.4983	-128.75	246
48.4933	-128.7383	206
48.49	-128.7317	341
48.4883	-128.7267	395
48.4867	-128.7233	390
48.4817	-128.715	570
48.48	-128.71	744
48.4533	-128.72	774
48.4533	-128.7183	1073
48.455	-128.7133	2894
48.455	-128.705	1528
48.4483	-128.7	1313
48.4467	-128.6967	729
48.4433	-128.6933	581
48.44	-128.6883	605
48.4383	-128.6867	707
48.4367	-128.6833	1507
48.4333	-128.68	3200
48.4317	-128.6783	2129
48.43	-128.67	883
48.43	-128.6667	684
48.43	-128.6667	556
48.43	-128.6633	466
48.4017	-128.7283	841
48.4017	-128.7267	677
48.4017	-128.7233	995
48.4017	-128.72	772
48.4017	-128.715	659
48.4	-128.7083	654
48.4	-128.7017	683
48.4	-128.6967	687
48.3983	-128.6917	616
48.395	-128.6867	631
48.3917	-128.6833	788
48.39	-128.6783	690
48.39	-128.6733	589
48.39	-128.6617	648
48.39	-128.655	686
48.3883	-128.6517	548
48.3867	-128.6417	699
48.3867	-128.6367	787
48.385	-128.6333	902
48.385	-128.6283	534
48.3833	-128.6217	465
48.3833	-128.6133	355
48.3833	-128.605	304
48.395	-128.84	1319
48.395	-128.8333	1429
48.3917	-128.8283	1497
48.39	-128.8233	952
48.3883	-128.815	865
48.3883	-128.8083	763
48.385	-128.79	602
48.3833	-128.785	598
48.385	-128.78	586
48.3867	-128.7717	539
48.3867	-128.7667	510
48.3883	-128.76	487
48.3883	-128.7517	530
48.3883	-128.7333	914
48.3883	-128.7217	758
48.39	-128.715	666
48.39	-128.7117	620
48.39	-128.705	553
48.4383	-128.7583	573
48.4367	-128.755	559
48.4367	-128.7533	594
48.4367	-128.75	641
48.435	-128.7367	567
48.4367	-128.7333	661
48.435	-128.7233	704
48.435	-128.715	812
48.435	-128.7033	857
48.435	-128.695	653
48.435	-128.6917	594
48.435	-128.6867	637
48.435	-128.6817	1665
48.435	-128.6767	2298
48.435	-128.67	727
48.435	-128.66	419
48.435	-128.65	218
48.4367	-128.63	290
48.29	-128.6933	532
48.2983	-128.6983	1101
48.31	-128.7033	387
48.3167	-128.7083	278
48.3217	-128.7133	325
48.3283	-128.7183	322
48.335	-128.7233	395
48.3383	-128.725	422
48.3483	-128.7317	502
48.3617	-128.7383	550
48.3667	-128.7417	788
48.3717	-128.7433	935
48.3783	-128.7467	673
48.385	-128.7483	586
48.4	-128.7583	587
48.285	-128.7767	313
48.2933	-128.7767	290
48.3117	-128.7767	292
48.325	-128.7767	322
48.33	-128.7767	361
48.34	-128.7767	353
48.3433	-128.7767	365
48.35	-128.7767	354
48.3517	-128.7783	335
48.355	-128.795	303
48.3583	-128.8133	385
48.3583	-128.825	469
48.3583	-128.8283	627
48.36	-128.8333	807
48.36	-128.8417	1022
48.3617	-128.85	1289
48.3667	-128.8583	1150
48.3717	-128.865	1095
48.3783	-128.8817	1158
48.3833	-128.9	1076
48.3517	-128.7733	367
48.3583	-128.7733	341
48.3917	-128.7733	533
48.4133	-128.725	858
48.415	-128.7317	861
48.4133	-128.7367	740
48.4133	-128.7467	624
48.4167	-128.7517	679
48.4183	-128.765	763
48.4183	-128.7683	698
48.42	-128.775	706
48.42	-128.78	743
48.4217	-128.785	788
48.4233	-128.79	881
48.425	-128.7967	959
48.425	-128.8033	1023
48.4267	-128.8117	1153
48.4283	-128.8217	1665
48.4283	-128.83	1124
48.4283	-128.8367	888
48.4283	-128.845	1018
48.4283	-128.8467	792
48.43	-128.8517	912
48.43	-128.8567	897
48.435	-128.755	765
48.4383	-128.7617	690
48.4417	-128.7683	546
48.4433	-128.7767	550
48.4483	-128.7817	502
48.45	-128.7883	477
48.45	-128.7933	481
48.455	-128.8033	426
48.455	-128.8083	477
48.4567	-128.8167	429
48.4567	-128.8233	540
48.4583	-128.83	840
48.4617	-128.84	1246
48.4633	-128.8467	1171
48.4683	-128.855	1531
48.4667	-128.5717	416
48.4667	-128.5783	421
48.4683	-128.5833	481
48.4683	-128.5883	461
48.47	-128.5933	444
48.4733	-128.595	518
48.4733	-128.5983	221
48.475	-128.61	619
48.475	-128.6167	358
48.4767	-128.62	368
48.4767	-128.625	363
48.4783	-128.6283	639
48.4783	-128.6333	526
48.4783	-128.6433	549
48.48	-128.65	411
48.4517	-128.6083	924
48.455	-128.61	1090
48.46	-128.6183	425
48.4567	-128.6233	355
48.4533	-128.6267	387
48.4517	-128.63	325
48.45	-128.6317	250
48.4483	-128.6333	829
48.4467	-128.6383	631
48.4483	-128.6417	376
48.4483	-128.645	470
48.4483	-128.6467	440
48.4483	-128.6483	418
48.4483	-128.6517	493
48.45	-128.655	396
48.4317	-128.7333	697
48.435	-128.73	698
48.44	-128.7267	699
48.4467	-128.7267	680
48.4517	-128.7233	777
48.4567	-128.7167	1760
48.46	-128.7133	1233
48.465	-128.71	1488
48.4667	-128.7083	1496
48.4667	-128.7033	963
48.4717	-128.7	937
48.4767	-128.6967	1062
48.48	-128.695	1044
48.4833	-128.6933	1088
48.4867	-128.6917	896
48.4933	-128.6883	742
48.4967	-128.6867	637
48.5017	-128.685	636
48.505	-128.685	519
48.51	-128.6817	418
48.4517	-128.6517	453
48.4517	-128.655	362
48.4517	-128.66	399
48.4517	-128.6633	386
48.4533	-128.6667	176
48.4533	-128.67	153
48.4533	-128.6767	411
48.4533	-128.6817	426
48.4517	-128.6867	466
48.4517	-128.6917	524
48.455	-128.6983	729
48.455	-128.7	994
48.4567	-128.7033	1663
48.4567	-128.7067	2653
48.46	-128.71	4439
48.4617	-128.7117	1898
48.4617	-128.7117	1099
48.4633	-128.715	904
48.465	-128.7167	832
48.4667	-128.715	800
48.4683	-128.7117	862
48.47	-128.7083	923
48.4717	-128.7067	1049
48.4733	-128.705	1181
48.475	-128.7033	1052
48.4767	-128.6983	851
48.4767	-128.695	791
48.4767	-128.685	609
48.4783	-128.68	421
48.4783	-128.6733	427
48.48	-128.6667	390
48.4683	-128.7317	618
48.4667	-128.73	606
48.465	-128.7267	679
48.4667	-128.7267	872
48.4617	-128.72	918
48.46	-128.7183	1511
48.4567	-128.71	4559
48.455	-128.7083	3022
48.455	-128.7083	1926
48.455	-128.7067	1742
48.455	-128.7067	1813
48.4567	-128.7067	2029
48.4583	-128.7067	2031
48.46	-128.7067	1815
48.46	-128.7083	1644
48.4633	-128.7083	1498
48.465	-128.7083	1317
48.4667	-128.7083	1236
48.47	-128.71	1076
48.4817	-128.6767	418
48.4767	-128.6733	413
48.4733	-128.6767	406
48.47	-128.6767	409
48.4667	-128.6783	412
48.465	-128.68	418
48.4617	-128.6817	420
48.4567	-128.6833	418
48.4517	-128.6833	433
48.4483	-128.6833	424
48.4467	-128.6833	362
48.4433	-128.6833	187
48.4433	-128.6833	509
48.4417	-128.6833	539
48.44	-128.6817	584
48.4383	-128.6817	684
48.4367	-128.6817	632
48.4367	-128.6817	965
48.4367	-128.6817	764
48.43	-128.6817	4907
48.4283	-128.6833	3646
48.425	-128.6833	1484
48.4217	-128.6833	842
48.4183	-128.6817	600
48.41	-128.6817	529
48.4067	-128.6817	307
48.4017	-128.6817	484
48.4	-128.6817	298
48.3983	-128.68	311
48.3833	-128.6817	1405
48.3817	-128.6833	851
48.4167	-128.715	901
48.4183	-128.7117	757
48.42	-128.7067	658
48.4267	-128.7	641
48.4283	-128.6933	663
48.4333	-128.6883	885
48.4367	-128.685	1062
48.44	-128.6783	368
48.4483	-128.6683	393
48.455	-128.655	323
48.4417	-128.6717	469
48.4417	-128.6717	460
48.445	-128.665	433
48.445	-128.66	404
48.445	-128.6567	391
48.4433	-128.6583	407
48.4383	-128.6583	409
48.4317	-128.6617	432
48.43	-128.6617	462
48.4283	-128.66	276
48.4267	-128.66	505
48.4233	-128.6617	491
48.4183	-128.665	485
48.4133	-128.6683	454
48.4083	-128.6717	248
48.4033	-128.665	451
48.4033	-128.66	321
48.4033	-128.6583	526
48.405	-128.6467	414
48.4033	-128.6433	433
48.4017	-128.6417	486
48.3983	-128.6367	583
48.49	-128.63	1239
48.4883	-128.6317	1207
48.4867	-128.6333	1262
48.485	-128.6367	507
48.4833	-128.6383	508
48.4833	-128.6383	494
48.4817	-128.6383	478
48.4783	-128.6383	449
48.475	-128.6383	535
48.4717	-128.6367	493
48.4683	-128.6367	552
48.4667	-128.6367	685
48.4633	-128.635	962
48.4617	-128.6367	6555
48.4583	-128.64	1294
48.4533	-128.6383	542
48.45	-128.64	503
48.4467	-128.64	480
48.4433	-128.6417	479
48.44	-128.6417	504
48.4383	-128.6433	475
48.4367	-128.645	467
48.435	-128.6467	480
48.4333	-128.6467	469
48.4283	-128.6483	565
48.4267	-128.65	644
48.4233	-128.6517	742
48.4217	-128.6533	712
48.4183	-128.6533	661
48.4167	-128.6533	605
48.4133	-128.6533	518
48.41	-128.6567	566
48.4083	-128.6567	298
48.405	-128.6567	496
48.43	-128.6917	810
48.43	-128.69	907
48.43	-128.6883	1134
48.43	-128.6867	1648
48.43	-128.6833	3092
48.43	-128.68	4714
48.43	-128.675	1872
48.43	-128.6717	1072
48.4267	-128.6633	551
48.4267	-128.6617	502
48.4233	-128.6533	420
48.4217	-128.6483	305
48.4167	-128.5933	401
48.4167	-128.5967	407
48.415	-128.5983	429
48.415	-128.6033	460
48.415	-128.6067	463
48.4167	-128.61	416
48.4167	-128.615	432
48.4183	-128.6183	589
48.4183	-128.625	458
48.4183	-128.6283	506
48.42	-128.6317	461
48.42	-128.6333	451
48.42	-128.635	450
48.42	-128.6383	411
48.42	-128.6417	354
48.42	-128.6433	365
48.42	-128.6467	276
48.4217	-128.65	656
48.4217	-128.6533	355
48.4217	-128.6533	558
48.4217	-128.6583	513
48.4217	-128.6633	484
48.4217	-128.665	471
48.42	-128.6683	520
48.42	-128.6717	585
48.42	-128.6767	309
48.4217	-128.6783	926
48.425	-128.68	1285
48.4267	-128.6817	1677
48.4267	-128.6817	1877
48.4283	-128.6817	3484
48.4317	-128.6817	4183
48.4333	-128.6817	979
48.4367	-128.685	845
48.4367	-128.6883	652
48.4383	-128.6917	588
48.4383	-128.6967	584
48.44	-128.7	629
48.44	-128.7033	699
48.44	-128.7067	819
48.4417	-128.71	1037
48.4417	-128.7117	999
48.4433	-128.715	934
48.4467	-128.7133	882
48.4483	-128.7133	1001
48.4517	-128.7133	1113
48.4533	-128.7117	1716
48.4583	-128.7083	5393
48.46	-128.7067	1866
48.4633	-128.705	1292
48.4667	-128.705	1477
48.47	-128.7033	1708
48.4733	-128.7017	1293
48.4767	-128.7	1088
48.47	-128.66	160
48.4683	-128.6583	371
48.4667	-128.6567	379
48.4633	-128.6517	443
48.4633	-128.6483	519
48.4633	-128.6467	697
48.4633	-128.64	1127
48.4617	-128.6383	2489
48.4617	-128.635	2421
48.46	-128.6267	402
48.46	-128.625	371
48.46	-128.6217	421
48.4583	-128.62	472
48.4567	-128.6167	653
48.455	-128.6117	1444
48.455	-128.61	1460
48.4533	-128.605	541
48.4517	-128.5983	433
48.45	-128.595	417
48.4467	-128.5917	460
48.445	-128.5883	433
48.4583	-128.6333	536
48.46	-128.6317	617
48.4633	-128.6317	1162
48.4617	-128.6333	817
48.4617	-128.6367	860
48.46	-128.6367	706
48.46	-128.6383	806
48.46	-128.6433	650
48.4583	-128.65	476
48.4583	-128.6567	347
48.4583	-128.6583	323
48.4583	-128.6617	282
48.4583	-128.665	295
48.4583	-128.6683	323
48.4583	-128.675	338
48.4583	-128.6833	373
48.46	-128.69	405
48.46	-128.6967	496
48.46	-128.7017	1247
48.46	-128.71	113
48.4567	-128.7067	2440
48.4567	-128.7083	6280
48.4567	-128.71	3479
48.4567	-128.71	39
48.4567	-128.7117	7932
48.4567	-128.7117	2282
48.4567	-128.715	1228
48.455	-128.715	1209
48.455	-128.7167	1318
48.4583	-128.7167	1033
48.4583	-128.715	1155
48.4583	-128.715	1306
48.4583	-128.7133	1538
48.4583	-128.7067	6788
48.4583	-128.7067	2142
48.4583	-128.705	1643
48.46	-128.7033	1029
48.46	-128.705	1300
48.46	-128.7083	4818
48.4583	-128.71	7599
48.46	-128.71	4106
48.4583	-128.7133	1505
48.4583	-128.715	1240
48.4567	-128.7133	1484
48.455	-128.7117	1916
48.4567	-128.71	4434
48.4567	-128.71	5963
48.4567	-128.7067	2371
48.4567	-128.705	1615
47.8783	-128.725	243
47.8612	-128.6675	269
47.8563	-128.6618	328
47.8565	-128.655	449
47.8542	-128.6433	329
47.85	-128.6383	241
47.8517	-128.63	271
47.877	-128.7192	225
47.8752	-128.7135	245
47.8715	-128.7083	256
47.8717	-128.7003	286
47.8715	-128.6953	278
47.8685	-128.685	352
47.863	-128.68	269
47.8615	-128.672	286
47.9608	-128.8083	353
47.9158	-128.8273	172
47.9108	-128.8235	111
47.904	-128.8265	108
47.8967	-128.8275	177
47.9565	-128.807	471
47.9525	-128.8063	384
47.935	-128.8128	380
47.9413	-128.81	359
47.9342	-128.8318	300
47.9292	-128.8183	110
47.925	-128.8202	151
47.9197	-128.8213	72
47.8907	-128.8267	137
47.8865	-128.827	121
47.8792	-128.8313	112
47.8737	-128.8333	117
47.8692	-128.835	123
47.8645	-128.8368	261
47.9923	-128.7917	205
47.988	-128.7962	168
47.9837	-128.7945	170
47.9772	-128.7985	146
47.9707	-128.8047	174
47.9697	-128.813	159
47.965	-128.825	129
47.9632	-128.8233	137
47.925	-128.85	164
47.9133	-128.8042	95
47.9402	-128.7612	90
47.9388	-128.8243	362
47.9583	-128.8285	91
47.942	-128.7683	104
47.9108	-128.7958	113
47.9442	-128.778	900
47.9083	-128.7917	129
47.9467	-128.784	109
47.9008	-128.7775	164
47.948	-128.7908	84
47.9497	-128.8063	155
47.9517	-128.8125	171
47.9533	-128.8175	233
47.9242	-128.8392	147
47.9233	-128.8367	93
47.8247	-128.6667	563
47.8822	-128.695	287
47.8837	-128.6983	300
47.8908	-128.7005	262
47.83	-128.669	534
47.8375	-128.6745	403
47.843	-128.6798	421
47.8542	-128.6823	307
47.858	-128.6833	294
47.8655	-128.685	355
47.8705	-128.6867	270
47.8758	-128.6892	247
47.8608	-128.6363	267
47.8967	-128.6633	392
47.899	-128.6658	381
47.867	-128.6403	270
47.8708	-128.6423	353
47.8762	-128.645	241
47.8808	-128.647	305
47.885	-128.6517	294
47.8875	-128.6567	204
47.8908	-128.6583	378
47.8938	-128.658	359
47.9217	-128.8267	111
47.92	-128.8208	109
47.9188	-128.815	113
47.9183	-128.81	97
47.914	-128.8083	87
47.8655	-127.6202	556
47.9172	-127.6462	184
47.9228	-127.6508	164
47.929	-127.6535	150
47.933	-127.6553	123
47.9377	-127.6567	144
47.9413	-127.6597	155
47.945	-127.6617	150
47.8698	-127.623	688
47.8762	-127.6242	184
47.8813	-127.6277	114
47.8892	-127.632	120
47.8935	-127.635	187
47.8963	-127.6388	247
47.9028	-127.641	148
47.9113	-127.6433	251
47.8585	-127.6782	143
47.9008	-127.705	959
47.907	-127.709	412
47.9108	-127.7118	216
47.9172	-127.714	265
47.9208	-127.717	327
47.9275	-127.7207	262
47.9333	-127.723	237
47.937	-127.725	267
47.9495	-127.7333	186
47.8633	-127.684	162
47.9553	-127.7353	171
47.9602	-127.7383	174
47.8692	-127.6847	184
47.8735	-127.6892	205
47.8792	-127.6932	231
47.8858	-127.6957	214
47.8892	-127.699	258
47.8918	-127.7	324
47.8953	-127.7045	489
47.7483	-127.617	74
47.7892	-127.6405	159
47.7953	-127.644	260
47.8	-127.6462	179
47.8078	-127.65	128
47.8127	-127.6528	145
47.8178	-127.6545	117
47.8245	-127.6575	236
47.8277	-127.6608	180
47.8315	-127.6642	220
47.8373	-127.6652	186
47.7525	-127.6192	148
47.8422	-127.668	199
47.8465	-127.6708	228
47.853	-127.6717	197
47.8553	-127.6768	188
47.7553	-127.6225	69
47.7595	-127.6245	155
47.763	-127.6273	91
47.7692	-127.6308	63
47.7752	-127.6332	74
47.7803	-127.6355	87
47.7847	-127.638	156
47.8175	-127.4857	214
47.8287	-127.545	139
47.8308	-127.5525	72
47.8323	-127.562	231
47.8352	-127.5693	261
47.836	-127.5763	362
47.8385	-127.583	189
47.839	-127.5905	212
47.8417	-127.5975	181
47.8425	-127.6042	187
47.8435	-127.6083	232
47.8183	-127.4907	172
47.8187	-127.4963	89
47.8192	-127.4998	206
47.82	-127.507	199
47.8222	-127.5117	37
47.8225	-127.5208	145
47.8257	-127.5295	123
47.8282	-127.5368	122
47.7505	-127.2183	154
47.7613	-127.2942	131
47.7652	-127.3025	101
47.7675	-127.314	111
47.7705	-127.3255	200
47.7523	-127.2257	141
47.7535	-127.2365	145
47.7545	-127.2437	150
47.7555	-127.2515	151
47.7575	-127.2593	162
47.7583	-127.2657	157
47.7593	-127.273	106
47.7615	-127.2808	164
47.7743	-127.3342	145
47.7858	-127.395	135
47.787	-127.4038	188
47.7887	-127.4117	108
47.7758	-127.3407	106
47.7758	-127.3468	141
47.7775	-127.354	163
47.7792	-127.3587	150
47.7798	-127.3673	105
47.7808	-127.3717	171
47.7827	-127.3775	133
47.785	-127.388	142
47.8363	-127.7215	1091
47.8503	-127.8087	224
47.8527	-127.8175	239
47.8522	-127.8227	233
47.8545	-127.8307	241
47.8562	-127.8433	252
47.8567	-127.8528	102
47.8568	-127.8633	97
47.8593	-127.8717	210
47.8602	-127.8817	95
47.8617	-127.8893	257
47.8403	-127.7408	710
47.863	-127.899	217
47.8633	-127.9058	182
47.8417	-127.7493	292
47.8427	-127.7557	137
47.8435	-127.7647	234
47.8443	-127.7723	209
47.845	-127.7768	201
47.8473	-127.785	200
47.8483	-127.7953	197
47.8492	-127.6333	1659
47.8637	-127.7068	309
47.8642	-127.71	410
47.8652	-127.7153	935
47.866	-127.7195	1109
47.8675	-127.7215	311
47.8687	-127.7278	226
47.87	-127.7358	283
47.8698	-127.7423	281
47.8508	-127.6413	346
47.8523	-127.6477	425
47.8542	-127.6577	216
47.8558	-127.6658	200
47.8583	-127.6738	191
47.8593	-127.684	162
47.8617	-127.695	191
47.8625	-127.7015	227
47.8618	-127.6965	217
47.868	-127.728	211
47.8697	-127.7345	225
47.853	-127.7372	233
47.852	-127.733	285
47.8505	-127.7278	283
47.8495	-127.7228	451
47.8497	-127.72	712
47.8497	-127.7178	487
47.849	-127.7162	433
47.8475	-127.7145	364
47.8623	-127.7003	214
47.8473	-127.7112	253
47.8475	-127.7032	206
47.863	-127.704	244
47.8635	-127.7088	308
47.8642	-127.7122	382
47.8652	-127.715	562
47.8655	-127.7183	1043
47.8668	-127.722	1020
47.868	-127.7252	319
47.7883	-127.8508	228
47.9222	-128.7218	165
47.915	-128.6758	263
47.9132	-128.6702	275
47.9125	-128.6683	286
47.9125	-128.6622	302
47.9115	-128.6577	319
47.909	-128.6502	327
47.9072	-128.6463	334
47.9067	-128.6418	329
47.9053	-128.6365	266
47.904	-128.633	339
47.9215	-128.7165	158
47.9033	-128.6275	337
47.9018	-128.6242	315
47.9218	-128.7113	163
47.9205	-128.7068	178
47.92	-128.701	162
47.9193	-128.6952	212
47.9178	-128.6918	230
47.9167	-128.686	248
47.916	-128.68	236
47.9013	-128.6158	295
47.893	-128.5705	599
47.8933	-128.5672	755
47.8932	-128.5645	481
47.8915	-128.5593	677
47.8915	-128.5553	735
47.8913	-128.5547	472
47.8907	-128.5517	370
47.8898	-128.5438	346
47.8893	-128.5438	313
47.888	-128.5393	237
47.9	-128.613	325
47.8872	-128.5313	145
47.8867	-128.5288	168
47.8855	-128.5245	207
47.8835	-128.5198	253
47.8995	-128.6053	272
47.8995	-128.6053	293
47.898	-128.5977	339
47.8967	-128.5852	315
47.8952	-128.5805	314
47.8947	-128.5748	345
47.917	-128.5187	171
47.9223	-128.5488	269
47.9237	-128.5492	273
47.9237	-128.5523	356
47.9243	-128.554	523
47.9255	-128.556	436
47.9253	-128.5608	434
47.9255	-128.5623	369
47.9262	-128.5647	280
47.9262	-128.5692	276
47.9275	-128.5723	294
47.9185	-128.5228	168
47.9193	-128.525	174
47.9212	-128.529	175
47.9215	-128.5362	206
47.9217	-128.5392	227
47.9212	-128.5437	239
47.9222	-128.5452	259
47.9293	-128.579	248
47.9313	-128.5905	268
47.9315	-128.5927	271
47.9317	-128.5945	254
47.9317	-128.5948	246
47.9323	-128.5988	240
47.9328	-128.598	235
47.9318	-128.6022	239
47.9325	-128.6022	248
47.9322	-128.6033	254
47.9288	-128.581	243
47.9328	-128.6052	254
47.9332	-128.6055	264
47.9332	-128.6075	270
47.9335	-128.6087	279
47.934	-128.6095	285
47.9293	-128.5822	232
47.9297	-128.5843	230
47.9293	-128.5857	231
47.9297	-128.5873	233
47.93	-128.5873	236
47.9297	-128.5885	242
47.9308	-128.5903	255
47.9347	-128.609	276
47.9363	-128.6193	264
47.936	-128.6228	266
47.9372	-128.6255	280
47.937	-128.625	283
47.9372	-128.6258	284
47.9383	-128.6265	281
47.938	-128.6277	282
47.9382	-128.6295	273
47.9385	-128.6315	263
47.939	-128.6315	260
47.934	-128.6105	280
47.939	-128.6328	260
47.9393	-128.6333	257
47.9342	-128.6132	281
47.9347	-128.6142	283
47.9355	-128.6142	287
47.936	-128.6162	280
47.9358	-128.6168	275
47.9355	-128.6185	269
47.9362	-128.6187	268
47.905	-128.5483	231
47.9092	-128.5682	388
47.9097	-128.5705	286
47.91	-128.5732	287
47.9115	-128.5742	280
47.9115	-128.5782	296
47.912	-128.5803	297
47.9122	-128.5828	316
47.9127	-128.5858	328
47.9135	-128.588	326
47.9137	-128.5908	324
47.9062	-128.5505	264
47.9137	-128.5943	313
47.9145	-128.5963	299
47.9155	-128.5985	290
47.9155	-128.601	292
47.9157	-128.6038	263
47.9073	-128.5523	376
47.9068	-128.5533	408
47.9057	-128.5547	425
47.9073	-128.5573	355
47.908	-128.5597	440
47.9085	-128.5625	632
47.7152	-127.7855	1301
47.7213	-127.7795	340
47.7237	-127.779	370
47.724	-127.7793	274
47.7253	-127.7792	262
47.7268	-127.7778	267
47.7285	-127.7772	290
47.732	-127.7748	257
47.733	-127.7743	252
47.7348	-127.7742	261
47.736	-127.7742	278
47.7378	-127.7717	270
47.715	-127.785	3144
47.7163	-127.7847	2022
47.7167	-127.7837	994
47.7182	-127.7827	604
47.7185	-127.7805	434
47.7198	-127.7818	403
47.719	-127.7837	383
47.8907	-127.4915	250
47.913	-127.5903	215
47.9113	-127.5923	224
47.7223	-127.8238	196
47.7108	-127.7778	1194
47.7098	-127.7766	452
47.7095	-127.776	422
47.7092	-127.7755	301
47.7083	-127.7717	218
47.707	-127.7657	205
47.706	-127.7608	191
47.7035	-127.7525	171
47.702	-127.746	166
47.7152	-127.7957	211
47.7132	-127.7922	256
47.7127	-127.7878	291
47.7145	-127.7858	939
48.47	-128.783	404
48.465	-128.796	397
48.5717	-128.686	371
48.57	-128.69	262
48.57	-128.69	267
48.57	-128.7	338
48.57	-128.7	388
48.56	-128.7	359
48.56	-128.7	474
48.55	-128.71	587
48.55	-128.71	494
48.55	-128.72	413
48.54	-128.72	335
48.53	-128.72	302
48.52	-128.73	278
48.52	-128.73	305
48.51	-128.74	306
48.51	-128.74	217
48.52	-128.82	165
48.52	-128.8	159
48.53	-128.79	161
48.52	-128.78	150
48.52	-128.77	169
48.51	-128.77	133
48.5	-128.77	230
48.49	-128.76	263
48.49	-128.76	268
48.48	-128.76	272
48.47	-128.75	309
48.47	-128.75	348
48.46	-128.74	424
48.45	-128.74	412
48.45	-128.74	1005
48.51	-128.78	151
48.51	-128.78	189
48.51	-128.77	120
48.51	-128.77	203
48.5	-128.76	299
48.5	-128.76	320
48.5	-128.75	246
48.49	-128.74	206
48.49	-128.73	341
48.49	-128.73	395
48.49	-128.72	390
48.48	-128.72	570
48.48	-128.71	744
48.45	-128.72	774
48.45	-128.72	1073
48.46	-128.71	2894
48.46	-128.71	1528
48.45	-128.7	1313
48.45	-128.7	729
48.44	-128.69	581
48.44	-128.69	605
48.44	-128.69	707
48.44	-128.68	1507
48.43	-128.68	3200
48.43	-128.68	2129
48.43	-128.67	883
48.43	-128.67	684
48.43	-128.67	556
48.43	-128.66	466
48.4	-128.73	841
48.4	-128.73	677
48.4	-128.72	995
48.4	-128.72	772
48.4	-128.72	659
48.4	-128.71	654
48.4	-128.7	683
48.4	-128.7	687
48.4	-128.69	616
48.4	-128.69	631
48.39	-128.68	788
48.39	-128.68	690
48.39	-128.67	589
48.39	-128.67	589
48.39	-128.66	648
48.39	-128.66	686
48.39	-128.65	548
48.39	-128.64	699
48.39	-128.64	787
48.39	-128.63	902
48.39	-128.63	534
48.38	-128.62	465
48.38	-128.61	355
48.38	-128.61	304
48.4	-128.84	1319
48.4	-128.83	1429
48.39	-128.83	1497
48.39	-128.82	952
48.39	-128.82	865
48.39	-128.81	763
48.39	-128.79	602
48.38	-128.79	598
48.39	-128.78	586
48.39	-128.77	539
48.39	-128.77	510
48.39	-128.76	487
48.39	-128.75	530
48.39	-128.73	914
48.39	-128.72	758
48.39	-128.72	666
48.39	-128.71	620
48.39	-128.71	553
48.44	-128.76	573
48.44	-128.76	559
48.44	-128.75	594
48.44	-128.75	641
48.44	-128.74	567
48.44	-128.73	661
48.44	-128.72	704
48.44	-128.72	812
48.44	-128.7	857
48.44	-128.7	653
48.44	-128.69	594
48.44	-128.69	637
48.44	-128.68	1665
48.44	-128.68	2298
48.44	-128.67	727
48.44	-128.66	419
48.44	-128.65	218
48.44	-128.63	290
48.29	-128.69	532
48.3	-128.7	1101
48.31	-128.7	387
48.32	-128.71	278
48.32	-128.71	325
48.33	-128.72	322
48.34	-128.72	395
48.34	-128.73	422
48.35	-128.73	502
48.36	-128.74	550
48.37	-128.74	788
48.37	-128.74	935
48.38	-128.75	673
48.39	-128.75	586
48.4	-128.76	587
48.29	-128.78	313
48.29	-128.78	290
48.31	-128.78	292
48.33	-128.78	322
48.33	-128.78	361
48.34	-128.78	353
48.34	-128.78	365
48.35	-128.78	354
48.35	-128.78	335
48.36	-128.8	303
48.36	-128.81	385
48.36	-128.83	469
48.36	-128.83	627
48.36	-128.83	807
48.36	-128.84	1022
48.36	-128.85	1289
48.37	-128.86	1150
48.37	-128.87	1095
48.38	-128.88	1158
48.38	-128.9	1076
48.35	-128.77	367
48.36	-128.77	341
48.39	-128.77	533
48.41	-128.73	858
48.42	-128.73	861
48.41	-128.74	740
48.41	-128.75	624
48.42	-128.75	679
48.42	-128.77	763
48.42	-128.77	698
48.42	-128.78	706
48.42	-128.78	743
48.42	-128.79	788
48.42	-128.79	881
48.43	-128.8	959
48.43	-128.8	1023
48.43	-128.81	1153
48.43	-128.82	1665
48.43	-128.83	1124
48.43	-128.84	888
48.43	-128.85	1018
48.43	-128.85	792
48.43	-128.85	912
48.43	-128.86	897
48.44	-128.76	765
48.44	-128.76	690
48.44	-128.77	546
48.44	-128.78	550
48.45	-128.78	502
48.45	-128.79	477
48.45	-128.79	481
48.46	-128.8	426
48.46	-128.81	477
48.46	-128.82	429
48.46	-128.82	540
48.46	-128.83	840
48.46	-128.84	1246
48.46	-128.85	1171
48.47	-128.86	1531
48.47	-128.57	416
48.47	-128.58	421
48.47	-128.58	481
48.47	-128.59	461
48.47	-128.59	444
48.47	-128.6	518
48.47	-128.6	221
48.48	-128.61	619
48.48	-128.62	358
48.48	-128.62	368
48.48	-128.63	363
48.48	-128.63	639
48.48	-128.63	526
48.48	-128.64	549
48.48	-128.65	411
48.45	-128.61	924
48.46	-128.61	1090
48.46	-128.62	425
48.46	-128.62	355
48.45	-128.63	387
48.45	-128.63	325
48.45	-128.63	250
48.45	-128.63	829
48.45	-128.64	631
48.45	-128.64	376
48.45	-128.65	470
48.45	-128.65	440
48.45	-128.65	418
48.45	-128.65	493
48.45	-128.66	396
48.43	-128.73	697
48.44	-128.73	698
48.44	-128.73	699
48.45	-128.73	680
48.45	-128.72	777
48.46	-128.72	1760
48.46	-128.71	1233
48.47	-128.71	1488
48.47	-128.71	1496
48.47	-128.7	963
48.47	-128.7	937
48.48	-128.7	1062
48.48	-128.7	1044
48.48	-128.69	1088
48.49	-128.69	896
48.49	-128.69	742
48.5	-128.69	637
48.5	-128.69	636
48.51	-128.69	519
48.51	-128.68	418
48.45	-128.65	453
48.45	-128.65	453
48.45	-128.66	362
48.45	-128.66	399
48.45	-128.66	386
48.45	-128.67	176
48.45	-128.67	153
48.45	-128.68	411
48.45	-128.68	426
48.45	-128.69	466
48.45	-128.69	524
48.46	-128.7	729
48.46	-128.7	994
48.46	-128.7	1663
48.46	-128.71	2653
48.46	-128.71	4439
48.46	-128.71	1898
48.46	-128.71	1099
48.46	-128.72	904
48.47	-128.72	832
48.47	-128.72	800
48.47	-128.71	862
48.47	-128.71	923
48.47	-128.71	1049
48.47	-128.71	1181
48.48	-128.7	1052
48.48	-128.7	851
48.48	-128.7	791
48.48	-128.69	609
48.48	-128.68	421
48.48	-128.67	427
48.48	-128.67	390
48.47	-128.73	618
48.47	-128.73	606
48.47	-128.73	679
48.47	-128.73	872
48.46	-128.72	918
48.46	-128.72	1511
48.46	-128.71	4559
48.46	-128.71	3022
48.46	-128.71	1926
48.46	-128.71	1742
48.46	-128.71	1813
48.46	-128.71	2029
48.46	-128.71	2031
48.46	-128.71	1815
48.46	-128.71	1644
48.46	-128.71	1498
48.47	-128.71	1317
48.47	-128.71	1236
48.47	-128.71	1076
48.48	-128.68	418
48.48	-128.67	413
48.47	-128.68	406
48.47	-128.68	409
48.47	-128.68	412
48.47	-128.68	418
48.46	-128.68	420
48.46	-128.68	418
48.45	-128.68	433
48.45	-128.68	424
48.45	-128.68	362
48.44	-128.68	187
48.44	-128.68	509
48.44	-128.68	539
48.44	-128.68	584
48.44	-128.68	684
48.44	-128.68	632
48.44	-128.68	965
48.44	-128.68	764
48.43	-128.68	4907
48.43	-128.68	3646
48.43	-128.68	1484
48.42	-128.68	842
48.42	-128.68	600
48.41	-128.68	529
48.41	-128.68	307
48.4	-128.68	484
48.4	-128.68	298
48.4	-128.68	311
48.39	-128.68	270
48.38	-128.68	1405
48.38	-128.68	606
48.42	-128.72	901
48.42	-128.71	757
48.42	-128.71	658
48.43	-128.7	641
48.43	-128.69	663
48.43	-128.69	885
48.44	-128.69	1062
48.44	-128.68	368
48.45	-128.67	393
48.46	-128.66	323
48.44	-128.67	469
48.44	-128.67	460
48.45	-128.67	433
48.45	-128.66	404
48.45	-128.66	391
48.44	-128.66	407
48.44	-128.66	409
48.43	-128.66	432
48.43	-128.66	462
48.43	-128.66	276
48.43	-128.66	505
48.42	-128.66	491
48.42	-128.67	485
48.41	-128.67	454
48.41	-128.67	248
48.4	-128.67	451
48.4	-128.66	321
48.4	-128.66	526
48.41	-128.65	414
48.4	-128.64	433
48.4	-128.64	486
48.4	-128.64	583
48.49	-128.63	1239
48.49	-128.63	1207
48.49	-128.63	1262
48.49	-128.64	507
48.48	-128.64	508
48.48	-128.64	494
48.48	-128.64	478
48.48	-128.64	449
48.48	-128.64	535
48.47	-128.64	493
48.47	-128.64	552
48.47	-128.64	685
48.46	-128.64	962
48.46	-128.64	6555
48.46	-128.64	1294
48.45	-128.64	542
48.45	-128.64	503
48.45	-128.64	480
48.44	-128.64	479
48.44	-128.64	504
48.44	-128.64	475
48.44	-128.65	467
48.44	-128.65	480
48.43	-128.65	469
48.43	-128.65	469
48.43	-128.65	565
48.43	-128.65	644
48.42	-128.65	742
48.42	-128.65	712
48.42	-128.65	661
48.42	-128.65	605
48.41	-128.65	518
48.41	-128.66	566
48.41	-128.66	298
48.41	-128.66	496
48.43	-128.69	810
48.43	-128.69	907
48.43	-128.69	1134
48.43	-128.69	1648
48.43	-128.68	3092
48.43	-128.68	4714
48.43	-128.68	1872
48.43	-128.67	1072
48.43	-128.66	551
48.43	-128.66	502
48.42	-128.65	420
48.42	-128.65	305
48.42	-128.59	401
48.42	-128.6	407
48.42	-128.6	429
48.42	-128.6	460
48.42	-128.61	463
48.42	-128.61	416
48.42	-128.62	432
48.42	-128.62	589
48.42	-128.63	458
48.42	-128.63	506
48.42	-128.63	461
48.42	-128.63	451
48.42	-128.64	450
48.42	-128.64	411
48.42	-128.64	354
48.42	-128.64	365
48.42	-128.65	276
48.42	-128.65	656
48.42	-128.65	355
48.42	-128.65	558
48.42	-128.66	513
48.42	-128.66	484
48.42	-128.67	471
48.42	-128.67	520
48.42	-128.67	585
48.42	-128.68	309
48.42	-128.68	926
48.43	-128.68	1285
48.43	-128.68	1677
48.43	-128.68	1877
48.43	-128.68	3484
48.43	-128.68	4183
48.43	-128.68	979
48.44	-128.69	845
48.44	-128.69	652
48.44	-128.69	588
48.44	-128.7	584
48.44	-128.7	629
48.44	-128.7	699
48.44	-128.71	819
48.44	-128.71	1037
48.44	-128.71	999
48.44	-128.72	934
48.45	-128.71	882
48.45	-128.71	1001
48.45	-128.71	1113
48.45	-128.71	1716
48.46	-128.71	5393
48.46	-128.71	1866
48.46	-128.71	1292
48.47	-128.71	1477
48.47	-128.7	1708
48.47	-128.7	1293
48.48	-128.7	1088
48.47	-128.66	160
48.47	-128.66	371
48.47	-128.66	379
48.46	-128.65	443
48.46	-128.65	519
48.46	-128.65	697
48.46	-128.64	1127
48.46	-128.64	2489
48.46	-128.64	2421
48.46	-128.63	402
48.46	-128.63	371
48.46	-128.62	421
48.46	-128.62	472
48.46	-128.62	653
48.46	-128.61	1444
48.46	-128.61	1460
48.45	-128.61	541
48.45	-128.6	433
48.45	-128.6	417
48.45	-128.59	460
48.45	-128.59	433
48.46	-128.63	536
48.46	-128.63	617
48.46	-128.63	1162
48.46	-128.63	817
48.46	-128.64	860
48.46	-128.64	706
48.46	-128.64	806
48.46	-128.64	650
48.46	-128.65	476
48.46	-128.66	323
48.46	-128.66	282
48.46	-128.67	295
48.46	-128.67	323
48.46	-128.68	338
48.46	-128.68	373
48.46	-128.69	405
48.46	-128.7	496
48.46	-128.7	1247
48.46	-128.71	113
48.46	-128.71	2440
48.46	-128.71	6280
48.46	-128.71	3479
48.46	-128.71	39
48.46	-128.71	7932
48.46	-128.71	2282
48.46	-128.72	1228
48.46	-128.72	1209
48.46	-128.72	1318
48.46	-128.72	1033
48.46	-128.72	1155
48.46	-128.72	1306
48.46	-128.71	1538
48.46	-128.71	6788
48.46	-128.71	2142
48.46	-128.71	1643
48.46	-128.7	1029
48.46	-128.71	1300
48.46	-128.71	4818
48.46	-128.71	7599
48.46	-128.71	4106
48.46	-128.71	1505
48.46	-128.72	1240
48.46	-128.71	1484
48.46	-128.71	1916
48.46	-128.71	4434
48.46	-128.71	5963
48.46	-128.71	2371
48.46	-128.71	1615
48.4633	-128.6767	347.77
48.4583	-128.6167	457.548
48.4583	-128.6133	1358.817
48.4583	-128.5833	395.955
48.4583	-128.575	155.03
48.46	-128.5667	333.105
48.46	-128.55	145.393
48.46	-128.5467	155.03
48.4617	-128.5367	133.661
48.4617	-128.5283	232.964
48.4633	-128.6683	169.695
48.4633	-128.505	173.466
48.4633	-128.4983	334.362
48.4633	-128.49	389.251
48.4633	-128.485	136.594
48.4633	-128.48	144.555
48.4633	-128.4767	154.192
48.4633	-128.4733	183.941
48.465	-128.4667	183.941
48.4633	-128.6633	185.198
48.465	-128.46	338.133
48.4617	-128.6567	376.681
48.4617	-128.6533	229.193
48.4617	-128.6467	526.264
48.46	-128.64	511.599
48.46	-128.6317	209.081
48.46	-128.625	303.356
48.0167	-129.2017	25
48.0167	-129.2017	204
48.0167	-129.2017	202
48.0167	-129.2017	348
48.0167	-129.2017	355
48.0067	-129.1617	335
48.0067	-129.1617	383
48.0067	-129.1617	1675
48	-129.15	302
48	-129.15	354
48	-129.15	314
48	-129.15	177
48	-129.15	115
48	-129.15	225
47.99	-129.26	252
47.99	-129.26	797
47.99	-129.26	363
47.99	-129.26	239
48	-129.3	270
48	-129.3	442
48	-129.3	516
48.05	-129.38	179
48.05	-129.38	337
48.0067	-129.1617	705
47.9473	-129.099	1789.8
47.9478	-129.097	42.4
47.9475	-129.097	53
47.951	-129.095	95.3
47.9463	-129.097	275.4
47.9473	-129.098	16244.8
47.9473	-129.097	262.1
47.9474	-129.095	217.1
47.9473	-129.094	264.8
47.9475	-129.1	211.8
47.9477	-129.091	206.5
47.9524	-129.1	502
47.9467	-129.097	95.3
47.9522	-129.092	57.2
47.9523	-129.09	-38.1
47.9504	-129.097	-6.4
47.9523	-129.081	688.4
47.9478	-129.096	-31.8
47.9486	-129.099	1563.2
47.9495	-129.099	-42.4
47.9478	-129.098	180
47.9524	-129.101	145.1
47.9467	-129.097	116.5
47.9522	-129.093	116.5
47.9523	-129.089	-63.5
47.9522	-129.098	195.9
47.9475	-129.095	95.3
47.9496	-129.098	995.5
47.9478	-129.097	243.6
47.9522	-129.097	6576.7
47.9523	-129.096	95.3
47.9522	-129.086	-169.4
47.9504	-129.093	201.2
47.9487	-129.096	699
47.9495	-129.096	243.6
47.9478	-129.097	148.3
47.9467	-129.099	5422.4
47.9502	-129.095	116.5
47.9476	-129.092	-10.6
47.9487	-129.094	-182.2
47.9496	-129.095	10.6
47.9487	-129.1	-53
47.9	-127.2	161
47.9	-127.65	304
47.9917	-129.45	89
47.9917	-129.45	89
47.9917	-129.45	89
47.9167	-128.796	75
47.9067	-128.753	129
47.8933	-128.65	434
47.77	-127.765	298
47.77	-127.765	382
47.76	-127.738	109
47.8617	-128.506	464
47.8417	-128.381	350
47.8933	-128.576	889
47.7867	-128.125	296
48.4333	-128.681	1160
48.4317	-128.68	1968
48.4567	-128.71	4268
48.4383	-128.598	418
48.4383	-128.698	748
48.4383	-128.698	2061
48.4383	-128.698	746
48.4383	-128.698	879
48.46	-128.698	1866
48.46	-128.698	13161
48.46	-128.698	4104
48.17	-126.7	120
48.7	-126.9	75
48.6583	-126.9	26
47.9504	-129.097	26
47.9523	-129.081	438
47.9486	-129.099	1986
47.9478	-129.098	198
47.9467	-129.097	17
47.9522	-129.093	66
47.9505	-129.096	6102
47.9522	-129.098	646
47.9475	-129.095	28
47.9486	-129.097	235
47.9496	-129.098	2431
47.9478	-129.097	174
47.9522	-129.097	13216
47.9467	-129.099	11398
47.9502	-129.095	39
47.9476	-129.092	101
47.9487	-129.094	167
47.9487	-129.1	155
47.9569	-129.097	1471
47.9567	-129.097	131
47.956	-129.096	77
47.9565	-129.091	39
47.9568	-129.091	33
47.9549	-129.094	198
47.9547	-129.095	1703
47.9557	-129.094	10061
47.9559	-129.098	72
47.9567	-129.096	137
47.9562	-129.097	12967
47.9562	-129.093	3894
47.9565	-129.093	66
47.9569	-129.093	22
47.9533	-129.094	904
47.9535	-129.094	2083
47.9573	-129.097	217
47.9567	-129.098	14417
47.9561	-129.096	55
47.9567	-129.09	6
47.9536	-129.095	28
47.9537	-129.095	89
47.9547	-129.094	490
47.9543	-129.093	5629
47.9544	-129.092	149
47.9531	-129.092	66
47.9552	-129.095	7765
47.953	-129.096	242
47.9531	-129.094	-6
47.9545	-129.094	4841
47.9552	-129.094	137
47.955	-129.095	4797
47.9554	-129.094	6
47.9548	-129.093	10882
47.9536	-129.091	137
47.9532	-129.092	17
47.953	-129.098	161
47.9534	-129.093	425
47.9538	-129.093	745
47.9536	-129.094	2718
47.9533	-129.097	125
47.9535	-129.097	61
47.9541	-129.095	61
47.9538	-129.093	432
47.9547	-129.091	542
47.953	-129.094	2000
47.9529	-129.094	33
47.9557	-129.093	393
47.9538	-129.094	2543
47.9539	-129.095	66
47.954	-129.091	167
47.957	-129.099	101
47.9562	-129.099	1944
47.9563	-129.098	745
47.9561	-129.094	712
47.9563	-129.094	39
47.9566	-129.094	33
47.9532	-129.096	304
47.9536	-129.096	666
47.9544	-129.094	1745
47.9543	-129.093	4173
47.9547	-129.093	33
47.9548	-129.091	17
47.9554	-129.096	904
47.9532	-129.099	77
47.9553	-129.096	30468
47.9555	-129.096	2922
47.9559	-129.097	12726
47.9535	-129.098	438
47.9544	-129.091	167
47.9551	-129.09	22
47.9528	-129.095	1334
47.9533	-129.095	180
47.9538	-129.094	1498
47.9562	-129.097	4223
47.9554	-129.089	61
47.9539	-129.091	438
47.9561	-129.095	101
47.9562	-129.097	50
47.9566	-129.092	125
47.9569	-129.092	490
47.9551	-129.096	3758
47.9553	-129.097	11
47.9565	-129.098	613
47.953	-129.095	3965
47.9528	-129.092	11
47.9534	-129.091	39
47.9547	-129.093	1827
47.9531	-129.098	13789
47.9534	-129.096	22
47.9538	-129.095	1145
47.9538	-129.093	12283
47.9541	-129.093	2034
47.9554	-129.09	11
47.9531	-129.097	336
47.957	-129.098	66
47.9567	-129.098	406
47.9565	-129.099	72
47.9566	-129.09	39
47.9569	-129.09	77
47.9552	-129.095	10083
47.9555	-129.096	217
47.9565	-129.097	804
47.9559	-129.09	180
48.4568	-128.7082	8210
48.4563	-128.7098	7660
48.4563	-128.7105	6040
48.459	-128.7075	8840
48.4592	-128.7065	2770
48.4589	-128.71	8020
48.4589	-128.7089	14070
48.4595	-128.7088	13540
48.4582	-128.7079	1500
48.458	-128.7099	6170
48.4545	-128.7095	7000
48.4553	-128.7076	11780
48.4311	-128.6814	2090
48.4312	-128.6835	4080
48.4325	-128.6812	290
48.4311	-128.6838	2490
48.4297	-128.6805	2390
48.4551	-128.7083	6980
48.456	-128.7092	14660
48.4551	-128.7082	8000
48.4557	-128.709	9410
48.4867	-128.7096	10450
48.4575	-128.7106	5580
48.4301	-128.6815	3180
48.4318	-128.6823	1520
48.4316	-128.6828	2390
48.4639	-128.7032	1050
48.4644	-128.7076	920
48.4621	-128.705	1090
48.4615	-128.7062	1370
48.4616	-128.7062	1570
48.4597	-128.7068	2260
48.4593	-128.7066	2910
48.4582	-128.7081	9310
48.4571	-128.7086	7750
48.4559	-128.7091	8320
48.4557	-128.7096	530
48.4542	-128.7092	4100
48.4533	-128.7102	1420
48.4521	-128.7109	1010
48.4508	-128.7118	890
48.4508	-128.7125	830
48.4516	-128.712	940
48.4527	-128.7116	1150
48.4534	-128.7113	1310
48.4537	-128.7109	1910
48.4548	-128.7105	3130
48.4559	-128.7107	7530
48.4568	-128.7098	10310
48.4499	-128.7107	890
48.451	-128.7101	950
48.4516	-128.7091	1050
48.4531	-128.7086	1320
48.4543	-128.7082	4310
48.4552	-128.7086	12950
48.4561	-128.7078	8750
48.4575	-128.7066	3800
48.4576	-128.7067	4240
48.4584	-128.706	2770
48.4596	-128.7054	1630
48.4603	-128.7058	1620
48.462	-128.7044	1080
48.463	-128.7037	1030
48.4633	-128.7034	1020
48.4463	-128.7206	840
48.4528	-128.7136	930
48.4578	-128.7108	1530
48.461	-128.7051	1230
48.4533	-128.7059	1390
48.4608	-128.7053	1310
48.4543	-128.7074	2520
48.4606	-128.7073	2060
48.4557	-128.7094	33920
48.4605	-128.7073	2060
48.4544	-128.704	1420
48.4606	-128.7089	3210
48.4549	-128.7049	1540
48.4604	-128.7088	3240
48.4556	-128.7062	2330
48.4595	-128.7092	7400
48.4577	-128.7061	3070
48.459	-128.7104	3480
48.4588	-128.706	3070
48.4591	-128.7107	2640
48.4601	-128.7061	1710
48.4608	-128.7076	1980
48.4581	-128.7121	1570
48.4604	-128.709	3600
48.4569	-128.7117	1930
48.4561	-128.7119	2150
48.4552	-128.7117	2210
48.4545	-128.7108	2850
48.454	-128.7111	2390
48.4527	-128.7111	1100
48.451	-128.7108	910
48.4525	-128.7132	940
48.4546	-128.7137	1140
48.454	-128.7129	1230
48.4541	-128.7113	2750
48.4548	-128.711	2660
48.4542	-128.7075	2460
48.454	-128.7051	1510
48.453	-128.7032	1140
48.4546	-128.707	3090
48.4556	-128.7071	7560
48.4568	-128.7084	6870
48.4583	-128.7127	1420
48.4587	-128.7076	7150
48.4578	-128.7097	8780
48.4582	-128.7103	3260
48.4584	-128.7102	3130
48.4596	-128.7126	1390
48.4598	-128.7146	980
48.4589	-128.7116	1710
48.4575	-128.7044	1450
48.4594	-128.7119	1700
48.4584	-128.7045	1380
48.4578	-128.7063	3450
48.4599	-128.7125	1380
48.458	-128.7066	4180
48.4578	-128.7083	9590
48.4587	-128.7127	1500
48.4576	-128.7099	7570
48.4596	-128.7111	2050
48.4584	-128.7113	2030
48.4586	-128.7096	5150
48.4585	-128.713	1400
48.4579	-128.7099	6070
48.4579	-128.7155	1030
48.4569	-128.7109	3390
48.4616	-128.7157	710
48.4575	-128.7111	2300
48.4612	-128.7148	860
48.4584	-128.7087	2080
48.46	-128.7151	960
48.458	-128.7084	10360
48.4603	-128.7129	1240
48.457	-128.7099	11540
48.4606	-128.7102	2240
48.4601	-128.7089	3660
48.4555	-128.7086	13340
48.4599	-128.7078	4920
48.4545	-128.7093	6690
48.46	-128.7059	1690
48.4535	-128.7087	1800
48.4602	-128.704	1160
48.4528	-128.7082	1280
48.4601	-128.7022	890
48.4519	-128.71	1060
48.4607	-128.7006	740
48.453	-128.7093	1310
48.4614	-128.7009	790
48.4548	-128.7103	3940
48.4611	-128.7018	840
48.4555	-128.7091	6920
48.4608	-128.7026	890
48.4567	-128.7099	9510
48.4606	-128.7042	1140
48.4578	-128.708	8430
48.4606	-128.7056	1370
48.4564	-128.7075	12380
48.4603	-128.7074	2500
48.4566	-128.7041	1380
48.4608	-128.7087	2360
48.4576	-128.7031	1080
48.4597	-128.7104	3310
48.4586	-128.7031	1040
48.4575	-128.7034	1150
48.4557	-128.7053	1690
48.4535	-128.7068	1480
48.4548	-128.7063	1880
48.4555	-128.708	13190
48.456	-128.709	14240
48.4594	-128.712	1740
48.4573	-128.7129	1300
48.4565	-128.7115	1970
48.4559	-128.7114	2950
48.4593	-128.7065	2480
48.4545	-128.7108	2630
48.4592	-128.708	9940
48.4538	-128.7127	1250
48.4588	-128.7066	3750
48.4535	-128.714	990
48.4573	-128.7055	1930
48.4542	-128.7141	1050
48.4569	-128.706	2210
48.4553	-128.7129	1340
48.4574	-128.7069	4550
48.456	-128.7104	7590
48.4583	-128.7077	9960
48.456	-128.7062	2510
48.4542	-128.7064	1780
48.4529	-128.7062	1300
48.4524	-128.7081	1190
48.4534	-128.708	1600
48.4544	-128.7076	3540
48.4552	-128.7079	9950
48.4555	-128.7104	9130
48.4549	-128.7097	7750
48.4539	-128.7103	2070
48.4535	-128.711	1400
48.4543	-128.7128	1300
48.4531	-128.7122	1150
48.4544	-128.7104	2500
48.4551	-128.7122	1680
48.4544	-128.7112	3040
48.4557	-128.712	2050
48.4556	-128.7107	6980
48.4415	-128.6849	470
48.4296	-128.684	2170
48.4406	-128.6855	460
48.4283	-128.6831	1730
48.4387	-128.6863	530
48.4283	-128.6809	1620
48.4367	-128.6857	60
48.4295	-128.6816	3580
48.4353	-128.6859	680
48.4316	-128.6819	2560
48.4332	-128.6859	840
48.4328	-128.6822	1680
48.4317	-128.6858	1050
48.4339	-128.682	1610
48.4303	-128.6858	1300
48.4358	-128.6805	780
48.4284	-128.6865	1260
48.4283	-128.6848	1400
48.437	-128.6799	550
48.4293	-128.6848	1670
48.4382	-128.6811	180
48.431	-128.6852	1370
48.4398	-128.6813	530
48.4326	-128.6849	1100
48.441	-128.6811	480
48.4343	-128.6852	820
48.4408	-128.6795	480
48.4361	-128.6851	690
48.4396	-128.6788	550
48.4378	-128.6849	590
48.4393	-128.6845	520
48.4361	-128.6793	740
48.441	-128.6842	460
48.4344	-128.6796	1470
48.441	-128.682	470
48.4328	-128.6799	1840
48.4385	-128.6826	640
48.4312	-128.6794	2150
48.4366	-128.683	910
48.4297	-128.679	1630
48.4357	-128.6831	1070
48.4286	-128.6794	1410
48.4351	-128.6837	970
48.4335	-128.6836	1220
48.432	-128.6829	1890
48.4307	-128.6835	2600
48.4277	-128.6781	1140
48.4308	-128.6816	10530
48.4292	-128.6781	1260
48.4303	-128.6816	25680
48.4309	-128.6781	1530
48.4327	-128.678	1750
48.431	-128.6813	4230
48.4345	-128.6778	1560
48.4312	-128.682	3510
48.4359	-128.6778	790
48.4296	-128.682	3920
48.4357	-128.6776	780
48.4304	-128.6825	7890
48.4393	-128.6777	560
48.4411	-128.678	470
48.4282	-128.6757	900
48.4295	-128.676	960
48.4313	-128.6759	1010
48.4329	-128.6759	1040
48.4348	-128.6755	1150
48.4364	-128.6757	2140
48.4382	-128.6751	560
48.4393	-128.6753	530
48.441	-128.6758	460
48.4279	-128.682	1590
48.4287	-128.6822	2540
48.4299	-128.6828	4910
48.4311	-128.6828	3000
48.4298	-128.6815	3850
48.4305	-128.6809	3400
48.4303	-128.6817	17550
48.4309	-128.6829	3550
48.4244	-128.6813	920
48.4364	-128.6763	920
48.4231	-128.6816	660
48.4371	-128.6782	270
48.4226	-128.6832	480
48.4371	-128.6793	800
48.4244	-128.6831	920
48.4371	-128.6808	310
48.4259	-128.6832	1160
48.438	-128.6835	650
48.432	-128.6822	2030
48.4375	-128.6857	560
48.4322	-128.6809	2030
48.4367	-128.6834	800
48.4326	-128.6797	1830
48.4352	-128.6836	970
48.4326	-128.6789	1690
48.4356	-128.6845	790
48.4331	-128.6785	1730
48.4366	-128.6818	790
48.434	-128.6792	2950
48.4351	-128.6821	1920
48.4338	-128.6793	4340
48.4337	-128.6828	1340
48.4341	-128.6816	2210
48.4331	-128.6818	1830
48.4355	-128.6823	2190
48.433	-128.6813	2130
48.4344	-128.6823	1740
48.4329	-128.6799	1830
48.4339	-128.6849	900
48.4335	-128.6801	1970
48.4359	-128.6846	750
48.435	-128.6849	770
48.4357	-128.6841	810
48.4343	-128.6836	1070
48.433	-128.6814	2810
48.4325	-128.6806	190
48.4332	-128.6794	1980
48.4333	-128.6773	2110
48.4338	-128.6752	800
48.4354	-128.6754	1160
48.4522	-128.7092	1130
48.4533	-128.71	1460
48.4539	-128.71	2160
48.4538	-128.7088	2190
48.4541	-128.709	3080
48.4541	-128.7094	3210
48.4544	-128.7095	4930
48.4547	-128.7096	6290
48.4549	-128.7097	7580
48.4552	-128.7089	1460
48.4546	-128.713	1320
48.4547	-128.7127	1310
48.454	-128.7123	1370
48.4317	-128.7277	1400
48.4541	-128.7126	1310
48.4547	-128.712	1740
48.455	-128.7128	1390
48.4567	-128.711	3340
48.4568	-128.7104	5780
48.4575	-128.7109	2780
48.4569	-128.7109	3540
48.4571	-128.7108	3280
48.4576	-128.7112	2290
48.4582	-128.7112	1970
48.4563	-128.7069	4600
48.4561	-128.708	12080
48.4564	-128.7078	12150
48.4566	-128.7075	7980
48.4572	-128.7076	6660
48.4575	-128.708	9300
48.4567	-128.706	2140
48.4578	-128.7098	9090
48.4573	-128.7076	6770
48.458	-128.7094	9050
48.4582	-128.7083	10260
48.459	-128.7089	12670
48.4534	-128.7086	1590
48.4582	-128.7084	3150
48.459	-128.7093	14740
48.4546	-128.7082	7920
48.4593	-128.7099	11680
48.4548	-128.7078	15570
48.4583	-128.71	3750
48.4553	-128.7083	14170
48.4555	-128.7084	3310
48.4589	-128.7091	10680
48.4543	-128.7099	3480
48.454	-128.7103	1980
48.4544	-128.7097	3770
48.4545	-128.7091	640
48.4551	-128.7092	12310
48.4556	-128.7095	1740
48.4557	-128.7092	10570
48.4561	-128.7089	13560
48.4565	-128.7091	9550
48.457	-128.7087	7330
48.4576	-128.7095	10290
48.4565	-128.7094	9070
48.4568	-128.7099	9810
48.4569	-128.7096	10230
48.4574	-128.7096	14150
48.4555	-128.7041	1750
48.4563	-128.7145	1140
48.4545	-128.7109	4430
48.4552	-128.7098	8830
48.4539	-128.7092	4200
48.4557	-128.7091	9410
47.7142	-127.786	1020
47.7142	-127.785	3800
47.7103	-127.786	8900
47.7099	-127.7871	2490
47.7096	-127.7831	1290
47.7098	-127.7921	800
47.71	-127.7906	1230
47.7101	-127.7893	4890
47.7101	-127.7891	2160
47.71	-127.7885	2270
47.7101	-127.7876	2990
47.7102	-127.7858	17900
47.7099	-127.7847	2260
47.7096	-127.7871	4180
47.7101	-127.7873	9210
47.7099	-127.7864	66300
47.7099	-127.7862	14400
47.71	-127.786	18900
47.7129	-127.7869	1370
47.7131	-127.7866	4570
47.7124	-127.7865	550
47.712	-127.7865	390
47.7106	-127.787	1770
47.7092	-127.787	12200
47.7093	-127.7868	425000
47.7093	-127.7867	3370
47.7097	-127.7863	11200
47.7098	-127.7864	72700
47.71	-127.7862	14300
47.7085	-127.7853	2670
47.7087	-127.7854	1210
47.7088	-127.7855	1080
47.71	-127.7864	190000
47.7101	-127.7862	6240
47.7122	-127.785	2000
47.7098	-127.7864	41900
47.712	-127.7852	650
47.7117	-127.785	1340
47.7114	-127.785	9400
47.7101	-127.786	32600
47.71	-127.786	154000
47.71	-127.7863	26000
47.71	-127.7863	180000
47.71	-127.7863	25400
47.7102	-127.7861	3260
47.7095	-127.7834	2400
47.7097	-127.7844	2490
47.7095	-127.7853	5330
47.7097	-127.7859	13100
47.7098	-127.7862	4980
47.7122	-127.7848	4670
47.7125	-127.7847	1940
47.7105	-127.7853	5670
47.7104	-127.7855	13500
47.7099	-127.7864	70800
47.7093	-127.7866	4220
47.7098	-127.7864	19800
47.71	-127.7864	489000
47.7101	-127.7863	21300
47.7099	-127.7864	22100
47.7099	-127.7863	7980
47.7099	-127.7861	12200
47.71	-127.7864	7160
47.7099	-127.7864	207000
47.7098	-127.7864	18300
47.7097	-127.7863	6210
47.71	-127.7864	9600
47.7079	-127.7874	780
47.7086	-127.7875	1550
47.709	-127.7869	3460
47.7091	-127.7867	2560
47.7096	-127.7866	29400
47.7117	-127.7872	540
47.71	-127.7865	7760
47.7099	-127.7864	383000
47.7099	-127.7863	11500
47.71	-127.7864	410000
47.7084	-127.7912	1660
47.7089	-127.7899	2220
47.7092	-127.7891	1360
47.7095	-127.788	2600
47.7096	-127.7879	6720
47.7099	-127.7869	8110
47.7099	-127.7866	5790
47.7123	-127.79	580
47.7122	-127.7891	750
47.7117	-127.7881	2290
47.7112	-127.7881	590
47.7108	-127.7878	1300
47.7107	-127.7871	1800
47.708	-127.7901	1190
47.7085	-127.7894	910
47.709	-127.7883	1830
47.7092	-127.7876	1330
47.7093	-127.787	18000
47.7095	-127.7867	18700
47.7098	-127.7865	57600
