45	-131	3.1985099
45	-130.9	2.8295474
45	-130.8	2.4465148
45	-130.7	2.0476744
45	-130.6	1.7318543
45	-130.5	1.358658
45	-130.4	0.96170866
45	-130.3	0.668437
45	-130.2	0.28890514
45	-130.1	0.074835867
45	-130	0.30478314
45	-129.9	0.44707379
45	-129.8	0.59926069
45	-129.7	0.82486039
45	-129.6	0.97434926
45	-129.5	1.1328164
45	-129.4	1.375766
45	-129.3	1.5145564
45	-129.2	1.6564856
45	-129.1	1.9070027
45	-129	2.1683636
45	-128.9	2.3141291
45	-128.8	2.4516931
45	-128.7	2.6905682
45	-128.6	2.8359327
45	-128.5	2.9745362
45	-128.4	3.2205846
45	-128.3	3.3926785
45	-128.2	3.5577838
45	-128.1	3.7636454
45	-128	4.0011201
45	-127.9	4.1740785
45	-127.8	4.3091507
45	-127.7	4.5093598
45	-127.6	4.7158475
45	-127.5	4.8879056
45	-127.4	5.0870461
45	-127.3	5.266109
45	-127.2	5.4589844
45	-127.1	5.6225986
45	-127	5.7941861
45	-126.9	6.0480056
45	-126.8	6.2535748
45	-126.7	6.4174061
45	-126.6	6.583323
45	-126.5	6.812283
45	-126.4	6.9651537
45	-126.3	7.1145401
45	-126.2	7.3622484
45	-126.1	7.6292863
45	-126	7.7551713
45	-125.9	7.9020023
45	-125.8	8.1629019
45	-125.7	8.3115578
45	-125.6	8.4492979
45	-125.5	8.6826057
45	-125.4	8.9141588
45	-125.3	9.0883245
45	-125.2	9.2965679
45	-125.1	9.5523081
45	-125	9.6755524
45	-124.9	9.831625
44.9	-131	3.0932424
44.9	-130.9	2.7015843
44.9	-130.8	2.3017404
44.9	-130.7	1.9069966
44.9	-130.6	1.6349947
44.9	-130.5	1.2482963
44.9	-130.4	0.85113919
44.9	-130.3	0.45382711
44.9	-130.2	0.060219456
44.9	-130.1	0.21586633
44.9	-130	0.36706489
44.9	-129.9	0.51736557
44.9	-129.8	0.74061185
44.9	-129.7	0.89371598
44.9	-129.6	1.0386741
44.9	-129.5	1.2660478
44.9	-129.4	1.428898
44.9	-129.3	1.5656407
44.9	-129.2	1.7477024
44.9	-129.1	1.9815415
44.9	-129	2.1859186
44.9	-128.9	2.3562303
44.9	-128.8	2.514998
44.9	-128.7	2.7207711
44.9	-128.6	2.8825059
44.9	-128.5	3.0517719
44.9	-128.4	3.2931902
44.9	-128.3	3.4326756
44.9	-128.2	3.5801392
44.9	-128.1	3.8360851
44.9	-128	4.0880003
44.9	-127.9	4.2264109
44.9	-127.8	4.3598552
44.9	-127.7	4.6060429
44.9	-127.6	4.75702
44.9	-127.5	4.9005046
44.9	-127.4	5.1364989
44.9	-127.3	5.3029723
44.9	-127.2	5.4697838
44.9	-127.1	5.6748133
44.9	-127	5.9170623
44.9	-126.9	6.1009331
44.9	-126.8	6.2644362
44.9	-126.7	6.4664464
44.9	-126.6	6.6281338
44.9	-126.5	6.8006382
44.9	-126.4	7.0008631
44.9	-126.3	7.1736026
44.9	-126.2	7.3769574
44.9	-126.1	7.629724
44.9	-126	7.8003664
44.9	-125.9	7.9583831
44.9	-125.8	8.1690321
44.9	-125.7	8.3364897
44.9	-125.6	8.4941263
44.9	-125.5	8.7091064
44.9	-125.4	8.987608
44.9	-125.3	9.1318445
44.9	-125.2	9.2881498
44.9	-125.1	9.5314922
44.9	-125	9.678565
44.9	-124.9	9.8163719
44.8	-131	2.9543366
44.8	-130.9	2.5468731
44.8	-130.8	2.1390364
44.8	-130.7	1.7681623
44.8	-130.6	1.420805
44.8	-130.5	1.0369948
44.8	-130.4	0.6764881
44.8	-130.3	0.33845985
44.8	-130.2	0.061183881
44.8	-130.1	0.24036267
44.8	-130	0.41935489
44.8	-129.9	0.58984888
44.8	-129.8	0.82182193
44.8	-129.7	0.96002144
44.8	-129.6	1.1030831
44.8	-129.5	1.3629984
44.8	-129.4	1.5018361
44.8	-129.3	1.6335765
44.8	-129.2	1.8704636
44.8	-129.1	2.0277991
44.8	-129	2.1799181
44.8	-128.9	2.4070363
44.8	-128.8	2.5690155
44.8	-128.7	2.7372859
44.8	-128.6	2.9380581
44.8	-128.5	3.1802824
44.8	-128.4	3.343858
44.8	-128.3	3.4856026
44.8	-128.2	3.7108042
44.8	-128.1	3.9099195
44.8	-128	4.1015091
44.8	-127.9	4.270967
44.8	-127.8	4.4292231
44.8	-127.7	4.6342773
44.8	-127.6	4.8004537
44.8	-127.5	4.9549046
44.8	-127.4	5.1595807
44.8	-127.3	5.3273745
44.8	-127.2	5.4858913
44.8	-127.1	5.7222791
44.8	-127	5.9946089
44.8	-126.9	6.1363373
44.8	-126.8	6.2680006
44.8	-126.7	6.5286613
44.8	-126.6	6.6708679
44.8	-126.5	6.8108239
44.8	-126.4	7.0515804
44.8	-126.3	7.2029839
44.8	-126.2	7.359436
44.8	-126.1	7.6371174
44.8	-126	7.8505182
44.8	-125.9	8.0072737
44.8	-125.8	8.1750021
44.8	-125.7	8.3797894
44.8	-125.6	8.5421562
44.8	-125.5	8.7205544
44.8	-125.4	8.968524
44.8	-125.3	9.1183395
44.8	-125.2	9.2670059
44.8	-125.1	9.5354443
44.8	-125	9.7157221
44.8	-124.9	9.8749847
44.7	-131	2.7382367
44.7	-130.9	2.3936317
44.7	-130.8	2.0148873
44.7	-130.7	1.6125526
44.7	-130.6	1.2028162
44.7	-130.5	0.80460256
44.7	-130.4	0.54500234
44.7	-130.3	0.10551149
44.7	-130.2	0.12961075
44.7	-130.1	0.26629248
44.7	-130	0.49272367
44.7	-129.9	0.65487278
44.7	-129.8	0.81403518
44.7	-129.7	1.013164
44.7	-129.6	1.1898202
44.7	-129.5	1.375317
44.7	-129.4	1.5660622
44.7	-129.3	1.7250481
44.7	-129.2	1.8976122
44.7	-129.1	2.0837595
44.7	-129	2.2862027
44.7	-128.9	2.4670587
44.7	-128.8	2.6162128
44.7	-128.7	2.7715709
44.7	-128.6	3.0204244
44.7	-128.5	3.272887
44.7	-128.4	3.4125476
44.7	-128.3	3.5430036
44.7	-128.2	3.8026261
44.7	-128.1	3.9533641
44.7	-128	4.0949807
44.7	-127.9	4.3239903
44.7	-127.8	4.4856277
44.7	-127.7	4.6537824
44.7	-127.6	4.8580885
44.7	-127.5	5.0119243
44.7	-127.4	5.1770935
44.7	-127.3	5.3811932
44.7	-127.2	5.5413113
44.7	-127.1	5.7235565
44.7	-127	5.9927912
44.7	-126.9	6.1804237
44.7	-126.8	6.342309
44.7	-126.7	6.5454197
44.7	-126.6	6.7134089
44.7	-126.5	6.8713994
44.7	-126.4	7.0743599
44.7	-126.3	7.241034
44.7	-126.2	7.4015503
44.7	-126.1	7.6300049
44.7	-126	7.8952098
44.7	-125.9	8.0354109
44.7	-125.8	8.1826744
44.7	-125.7	8.4469986
44.7	-125.6	8.5858335
44.7	-125.5	8.7220335
44.7	-125.4	8.9653473
44.7	-125.3	9.1196241
44.7	-125.2	9.2691746
44.7	-125.1	9.5507097
44.7	-125	9.7679405
44.6	-131	2.7850108
44.6	-130.9	2.33922
44.6	-130.8	1.9146042
44.6	-130.7	1.4905519
44.6	-130.6	1.0844858
44.6	-130.5	0.67423803
44.6	-130.4	0.32120961
44.6	-130.3	0.098529257
44.6	-130.2	0.25636032
44.6	-130.1	0.36031222
44.6	-130	0.5443418
44.6	-129.9	0.73752993
44.6	-129.8	0.9201892
44.6	-129.7	1.1247276
44.6	-129.6	1.2783835
44.6	-129.5	1.4170396
44.6	-129.4	1.6381176
44.6	-129.3	1.8061091
44.6	-129.2	1.9459754
44.6	-129.1	2.1761706
44.6	-129	2.4303541
44.6	-128.9	2.5606658
44.6	-128.8	2.6992447
44.6	-128.7	2.8999085
44.6	-128.6	3.1005595
44.6	-128.5	3.2904315
44.6	-128.4	3.4857073
44.6	-128.3	3.6345091
44.6	-128.2	3.8150008
44.6	-128.1	4.0026855
44.6	-128	4.1681499
44.6	-127.9	4.3441644
44.6	-127.8	4.5234756
44.6	-127.7	4.6865616
44.6	-127.6	4.9012775
44.6	-127.5	5.0508766
44.6	-127.4	5.1968303
44.6	-127.3	5.4504809
44.6	-127.2	5.5873194
44.6	-127.1	5.7229991
44.6	-127	5.9811177
44.6	-126.9	6.2328973
44.6	-126.8	6.3827677
44.6	-126.7	6.5400462
44.6	-126.6	6.7627029
44.6	-126.5	6.9249029
44.6	-126.4	7.0894151
44.6	-126.3	7.2956185
44.6	-126.2	7.4535627
44.6	-126.1	7.6313372
44.6	-126	7.9000463
44.6	-125.9	8.0388737
44.6	-125.8	8.1769676
44.6	-125.7	8.4459772
44.6	-125.6	8.6269598
44.6	-125.5	8.7853642
44.6	-125.4	8.9884195
44.6	-125.3	9.1559649
44.6	-125.2	9.3136044
44.6	-125.1	9.5422888
44.6	-125	9.8048306
44.5	-131	3.0247929
44.5	-130.9	2.5548704
44.5	-130.8	2.0023193
44.5	-130.7	1.5124923
44.5	-130.6	1.1032407
44.5	-130.5	0.60273814
44.5	-130.4	0.12829527
44.5	-130.3	3.02866E-05
44.5	-130.2	0.11831589
44.5	-130.1	0.25953194
44.5	-130	0.48448738
44.5	-129.9	0.78107381
44.5	-129.8	0.94654006
44.5	-129.7	1.1184169
44.5	-129.6	1.3606054
44.5	-129.5	1.4902809
44.5	-129.4	1.6428721
44.5	-129.3	1.9070024
44.5	-129.2	2.0231957
44.5	-129.1	2.184757
44.5	-129	2.4395287
44.5	-128.9	2.5828791
44.5	-128.8	2.7396612
44.5	-128.7	2.9700463
44.5	-128.6	3.1299112
44.5	-128.5	3.2998466
44.5	-128.4	3.5376494
44.5	-128.3	3.6724577
44.5	-128.2	3.8217032
44.5	-128.1	4.0879998
44.5	-128	4.2387109
44.5	-127.9	4.3578868
44.5	-127.8	4.5970187
44.5	-127.7	4.7548237
44.5	-127.6	4.890027
44.5	-127.5	5.1050615
44.5	-127.4	5.2782993
44.5	-127.3	5.4626451
44.5	-127.2	5.644331
44.5	-127.1	5.807703
44.5	-127	5.994184
44.5	-126.9	6.2519021
44.5	-126.8	6.3972569
44.5	-126.7	6.5422888
44.5	-126.6	6.8100252
44.5	-126.5	6.9744115
44.5	-126.4	7.1153526
44.5	-126.3	7.3600516
44.5	-126.2	7.4957023
44.5	-126.1	7.6300001
44.5	-126	7.8935785
44.5	-125.9	8.0444775
44.5	-125.8	8.1815987
44.5	-125.7	8.4467602
44.5	-125.6	8.6789942
44.5	-125.5	8.8340912
44.5	-125.4	9.002346
44.5	-125.3	9.2134552
44.5	-125.2	9.3649826
44.5	-125.1	9.5374451
44.5	-125	9.7967329
44.4	-131	3.8606532
44.4	-130.9	3.4294899
44.4	-130.8	2.9597919
44.4	-130.7	2.5545273
44.4	-130.6	2.0180717
44.4	-130.5	1.5437632
44.4	-130.4	1.0315331
44.4	-130.3	0.58073527
44.4	-130.2	0.24069637
44.4	-130.1	0.15277705
44.4	-130	0.29456583
44.4	-129.9	0.63144356
44.4	-129.8	0.85269392
44.4	-129.7	1.0899991
44.4	-129.6	1.2868245
44.4	-129.5	1.4767872
44.4	-129.4	1.6754558
44.4	-129.3	1.8238105
44.4	-129.2	1.9636685
44.4	-129.1	2.1297801
44.4	-129	2.3382683
44.4	-128.9	2.5279636
44.4	-128.8	2.7161074
44.4	-128.7	2.9198344
44.4	-128.6	3.1061835
44.4	-128.5	3.2830973
44.4	-128.4	3.5324154
44.4	-128.3	3.6751039
44.4	-128.2	3.821197
44.4	-128.1	4.0879998
44.4	-128	4.3366666
44.4	-127.9	4.4526196
44.4	-127.8	4.6315908
44.4	-127.7	4.8615274
44.4	-127.6	4.9962397
44.4	-127.5	5.1631975
44.4	-127.4	5.3393869
44.4	-127.3	5.4932132
44.4	-127.2	5.7288256
44.4	-127.1	5.8938866
44.4	-127	6.036901
44.4	-126.9	6.2605057
44.4	-126.8	6.4134951
44.4	-126.7	6.5420065
44.4	-126.6	6.8041062
44.4	-126.5	7.0460949
44.4	-126.4	7.1917892
44.4	-126.3	7.3742423
44.4	-126.2	7.5535054
44.4	-126.1	7.7151279
44.4	-126	7.9051881
44.4	-125.9	8.0933266
44.4	-125.8	8.2528486
44.4	-125.7	8.4445572
44.4	-125.6	8.6965704
44.4	-125.5	8.8439522
44.4	-125.4	8.9932308
44.4	-125.3	9.2590122
44.4	-125.2	9.3964281
44.4	-125.1	9.5429544
44.4	-125	9.8100004
44.3	-131	4.5632596
44.3	-130.9	4.198144
44.3	-130.8	3.810709
44.3	-130.7	3.4031098
44.3	-130.6	3.0544233
44.3	-130.5	2.6758695
44.3	-130.4	2.1734202
44.3	-130.3	1.7186829
44.3	-130.2	1.2747816
44.3	-130.1	0.82665879
44.3	-130	0.45042977
44.3	-129.9	0.18090828
44.3	-129.8	0.15246113
44.3	-129.7	0.53826672
44.3	-129.6	0.74957591
44.3	-129.5	1.0088304
44.3	-129.4	1.219449
44.3	-129.3	1.4645991
44.3	-129.2	1.743138
44.3	-129.1	1.9433824
44.3	-129	2.185843
44.3	-128.9	2.4079397
44.3	-128.8	2.614886
44.3	-128.7	2.8375032
44.3	-128.6	3.0700955
44.3	-128.5	3.2699995
44.3	-128.4	3.4622869
44.3	-128.3	3.6460731
44.3	-128.2	3.8440461
44.3	-128.1	4.0999937
44.3	-128	4.2870626
44.3	-127.9	4.4457765
44.3	-127.8	4.627058
44.3	-127.7	4.8215003
44.3	-127.6	5.0054903
44.3	-127.5	5.1947188
44.3	-127.4	5.4407101
44.3	-127.3	5.5726066
44.3	-127.2	5.7427015
44.3	-127.1	5.994977
44.3	-127	6.119957
44.3	-126.9	6.2679858
44.3	-126.8	6.4886088
44.3	-126.7	6.6281991
44.3	-126.6	6.8093052
44.3	-126.5	7.0469022
44.3	-126.4	7.2119632
44.3	-126.3	7.3907108
44.3	-126.2	7.6255741
44.3	-126.1	7.7627425
44.3	-126	7.917274
44.3	-125.9	8.1749964
44.3	-125.8	8.3051319
44.3	-125.7	8.4498444
44.3	-125.6	8.7081938
44.3	-125.5	8.8544817
44.3	-125.4	9.0036049
44.3	-125.3	9.2627525
44.3	-125.2	9.4019775
44.3	-125.1	9.5473757
44.2	-131	5.2064762
44.2	-130.9	4.8582273
44.2	-130.8	4.4749217
44.2	-130.7	4.1012802
44.2	-130.6	3.742609
44.2	-130.5	3.3741472
44.2	-130.4	3.1163857
44.2	-130.3	2.7854273
44.2	-130.2	2.3227525
44.2	-130.1	1.9072353
44.2	-130	1.5107833
44.2	-129.9	1.0614641
44.2	-129.8	0.65844148
44.2	-129.7	0.31682673
44.2	-129.6	0.10718109
44.2	-129.5	0.39332169
44.2	-129.4	0.61977124
44.2	-129.3	0.84135723
44.2	-129.2	1.0961518
44.2	-129.1	1.3545942
44.2	-129	1.6214069
44.2	-128.9	1.8400017
44.2	-128.8	2.108108
44.2	-128.7	2.3889229
44.2	-128.6	2.6361597
44.2	-128.5	2.8408835
44.2	-128.4	3.1030903
44.2	-128.3	3.3358819
44.2	-128.2	3.52441
44.2	-128.1	3.7680767
44.2	-128	4.1125855
44.2	-127.9	4.3261561
44.2	-127.8	4.546011
44.2	-127.7	4.7401419
44.2	-127.6	4.967958
44.2	-127.5	5.1610384
44.2	-127.4	5.3613605
44.2	-127.3	5.5410175
44.2	-127.2	5.7483239
44.2	-127.1	6.003284
44.2	-127	6.1353064
44.2	-126.9	6.301846
44.2	-126.8	6.4672427
44.2	-126.7	6.6379361
44.2	-126.6	6.8175879
44.2	-126.5	7.0137663
44.2	-126.4	7.1909866
44.2	-126.3	7.3752933
44.2	-126.2	7.6232152
44.2	-126.1	7.7648339
44.2	-126	7.9075565
44.2	-125.9	8.1750011
44.2	-125.8	8.3143053
44.2	-125.7	8.4545031
44.2	-125.6	8.701808
44.2	-125.5	8.8536787
44.2	-125.4	9.0023451
44.2	-125.3	9.2189608
44.2	-125.2	9.3876886
44.2	-125.1	9.5543499
44.1	-131	5.7651877
44.1	-130.9	5.4093957
44.1	-130.8	5.0723233
44.1	-130.7	4.7422013
44.1	-130.6	4.3792744
44.1	-130.5	4.0405049
44.1	-130.4	3.7013025
44.1	-130.3	3.361959
44.1	-130.2	3.1096499
44.1	-130.1	2.8583329
44.1	-130	2.4580922
44.1	-129.9	2.0703218
44.1	-129.8	1.6805964
44.1	-129.7	1.2715088
44.1	-129.6	0.8607676
44.1	-129.5	0.43341723
44.1	-129.4	0.18335989
44.1	-129.3	0.22116478
44.1	-129.2	0.4336558
44.1	-129.1	0.70725805
44.1	-129	0.95693129
44.1	-128.9	1.2141529
44.1	-128.8	1.493786
44.1	-128.7	1.753561
44.1	-128.6	2.0372455
44.1	-128.5	2.3175254
44.1	-128.4	2.5647962
44.1	-128.3	2.8248532
44.1	-128.2	3.1004543
44.1	-128.1	3.3442767
44.1	-128	3.566597
44.1	-127.9	3.809257
44.1	-127.8	4.1133299
44.1	-127.7	4.3860955
44.1	-127.6	4.6427917
44.1	-127.5	4.8418641
44.1	-127.4	5.0726666
44.1	-127.3	5.2873802
44.1	-127.2	5.5012331
44.1	-127.1	5.7013755
44.1	-127	5.9398088
44.1	-126.9	6.1388278
44.1	-126.8	6.3588624
44.1	-126.7	6.5844851
44.1	-126.6	6.7759991
44.1	-126.5	6.9778728
44.1	-126.4	7.1576028
44.1	-126.3	7.3579979
44.1	-126.2	7.6313229
44.1	-126.1	7.7663755
44.1	-126	7.9196181
44.1	-125.9	8.1671028
44.1	-125.8	8.3093977
44.1	-125.7	8.4698725
44.1	-125.6	8.6758699
44.1	-125.5	8.8507175
44.1	-125.4	9.0328541
44.1	-125.3	9.2562637
44.1	-125.2	9.4001932
44.1	-125.1	9.5543547
44	-131	5.9469457
44	-130.9	5.7120771
44	-130.8	5.4965806
44	-130.7	5.1774359
44	-130.6	4.8707371
44	-130.5	4.56914
44	-130.4	4.2703977
44	-130.3	3.9438407
44	-130.2	3.6475258
44	-130.1	3.3531511
44	-130	3.1410348
44	-129.9	2.8887208
44	-129.8	2.5869584
44	-129.7	2.2075682
44	-129.6	1.8429971
44	-129.5	1.4515693
44	-129.4	1.0793674
44	-129.3	0.70668393
44	-129.2	0.38740289
44	-129.1	0.18565086
44	-129	0.26420304
44	-128.9	0.56032377
44	-128.8	0.79507548
44	-128.7	1.0596411
44	-128.6	1.3588016
44	-128.5	1.6495335
44	-128.4	1.9413645
44	-128.3	2.2386768
44	-128.2	2.5291412
44	-128.1	2.8001704
44	-128	3.0925512
44	-127.9	3.3441894
44	-127.8	3.617028
44	-127.7	3.8836217
44	-127.6	4.1798983
44	-127.5	4.4332237
44	-127.4	4.6975803
44	-127.3	4.92243
44	-127.2	5.1532326
44	-127.1	5.3797402
44	-127	5.5827279
44	-126.9	5.838685
44	-126.8	6.0665498
44	-126.7	6.2483516
44	-126.6	6.549861
44	-126.5	6.7433453
44	-126.4	6.9602571
44	-126.3	7.1748247
44	-126.2	7.3887944
44	-126.1	7.6380105
44	-126	7.8239317
44	-125.9	8.0248861
44	-125.8	8.2127724
44	-125.7	8.4049873
44	-125.6	8.6602726
44	-125.5	8.8208208
44	-125.4	8.9830704
44	-125.3	9.2550726
44	-125.2	9.3901253
44	-125.1	9.5370016
43.9	-131	5.9526067
43.9	-130.9	5.6550808
43.9	-130.8	5.445858
43.9	-130.7	5.1986752
43.9	-130.6	4.9342699
43.9	-130.5	4.6443992
43.9	-130.4	4.3600001
43.9	-130.3	4.0776048
43.9	-130.2	3.7884147
43.9	-130.1	3.517118
43.9	-130	3.2465508
43.9	-129.9	3.0842621
43.9	-129.8	2.9620738
43.9	-129.7	2.7095993
43.9	-129.6	2.4582431
43.9	-129.5	2.1729589
43.9	-129.4	1.8704377
43.9	-129.3	1.533599
43.9	-129.2	1.2081267
43.9	-129.1	0.83752477
43.9	-129	0.5429849
43.9	-128.9	0.25063363
43.9	-128.8	0.18314146
43.9	-128.7	0.34615502
43.9	-128.6	0.67529964
43.9	-128.5	0.9181152
43.9	-128.4	1.195336
43.9	-128.3	1.517511
43.9	-128.2	1.8350219
43.9	-128.1	2.1605382
43.9	-128	2.4659193
43.9	-127.9	2.7741845
43.9	-127.8	3.083077
43.9	-127.7	3.3626907
43.9	-127.6	3.6509759
43.9	-127.5	3.9469655
43.9	-127.4	4.2299981
43.9	-127.3	4.4995346
43.9	-127.2	4.782115
43.9	-127.1	5.0433345
43.9	-127	5.2546291
43.9	-126.9	5.4561768
43.9	-126.8	5.6733708
43.9	-126.7	5.9468322
43.9	-126.6	6.1865888
43.9	-126.5	6.4421177
43.9	-126.4	6.6905894
43.9	-126.3	6.927146
43.9	-126.2	7.1610513
43.9	-126.1	7.3694177
43.9	-126	7.6439781
43.9	-125.9	7.8404145
43.9	-125.8	8.0858564
43.9	-125.7	8.2818403
43.9	-125.6	8.4753389
43.9	-125.5	8.7424822
43.9	-125.4	8.9276791
43.9	-125.3	9.1335793
43.9	-125.2	9.3274574
43.9	-125.1	9.5008011
43.8	-131	6.3551869
43.8	-130.9	6.0675921
43.8	-130.8	5.769351
43.8	-130.7	5.445085
43.8	-130.6	5.1200256
43.8	-130.5	4.7972236
43.8	-130.4	4.5016818
43.8	-130.3	4.1847739
43.8	-130.2	3.8632121
43.8	-130.1	3.5754616
43.8	-130	3.3084109
43.8	-129.9	3.1010609
43.8	-129.8	2.9057336
43.8	-129.7	2.6348164
43.8	-129.6	2.4465997
43.8	-129.5	2.2174656
43.8	-129.4	1.9392577
43.8	-129.3	1.6565363
43.8	-129.2	1.3629984
43.8	-129.1	1.0728601
43.8	-129	0.77517343
43.8	-128.9	0.50176102
43.8	-128.8	0.23162186
43.8	-128.7	0.091657095
43.8	-128.6	0.28123567
43.8	-128.5	0.47369835
43.8	-128.4	0.67121434
43.8	-128.3	0.87031096
43.8	-128.2	1.1453917
43.8	-128.1	1.4633452
43.8	-128	1.774441
43.8	-127.9	2.1177874
43.8	-127.8	2.4264657
43.8	-127.7	2.7356503
43.8	-127.6	3.0412939
43.8	-127.5	3.3756669
43.8	-127.4	3.6786113
43.8	-127.3	4.0153527
43.8	-127.2	4.3125777
43.8	-127.1	4.5947542
43.8	-127	4.8620534
43.8	-126.9	5.1352763
43.8	-126.8	5.3456416
43.8	-126.7	5.5263586
43.8	-126.6	5.8100824
43.8	-126.5	6.083952
43.8	-126.4	6.3515916
43.8	-126.3	6.6238804
43.8	-126.2	6.8783202
43.8	-126.1	7.1443934
43.8	-126	7.3844466
43.8	-125.9	7.6524363
43.8	-125.8	7.8680644
43.8	-125.7	8.1527262
43.8	-125.6	8.3668413
43.8	-125.5	8.5906067
43.8	-125.4	8.8103828
43.8	-125.3	9.0226507
43.8	-125.2	9.2887478
43.8	-125.1	9.4690323
43.7	-131	6.7075405
43.7	-130.9	6.4997234
43.7	-130.8	6.2890029
43.7	-130.7	5.9967051
43.7	-130.6	5.7304912
43.7	-130.5	5.4449487
43.7	-130.4	5.1682386
43.7	-130.3	4.8626342
43.7	-130.2	4.5507264
43.7	-130.1	4.2464643
43.7	-130	3.9451201
43.7	-129.9	3.6304545
43.7	-129.8	3.3860245
43.7	-129.7	3.1413317
43.7	-129.6	2.8821988
43.7	-129.5	2.5670469
43.7	-129.4	2.2436659
43.7	-129.3	1.8901792
43.7	-129.2	1.5728484
43.7	-129.1	1.2543212
43.7	-129	0.89396214
43.7	-128.9	0.54107356
43.7	-128.8	0.23670918
43.7	-128.7	2.41885E-06
43.7	-128.6	0.13220017
43.7	-128.5	0.41310266
43.7	-128.4	0.5247128
43.7	-128.3	0.76017457
43.7	-128.2	1.0577301
43.7	-128.1	1.3444835
43.7	-128	1.6349965
43.7	-127.9	1.9283936
43.7	-127.8	2.2051523
43.7	-127.7	2.4941478
43.7	-127.6	2.7400517
43.7	-127.5	2.9597361
43.7	-127.4	3.2187572
43.7	-127.3	3.5574832
43.7	-127.2	3.8656461
43.7	-127.1	4.1525846
43.7	-127	4.432621
43.7	-126.9	4.72328
43.7	-126.8	5.0085597
43.7	-126.7	5.2294016
43.7	-126.6	5.4133434
43.7	-126.5	5.6404152
43.7	-126.4	5.9681497
43.7	-126.3	6.2489014
43.7	-126.2	6.5429988
43.7	-126.1	6.8336043
43.7	-126	7.1207128
43.7	-125.9	7.3817863
43.7	-125.8	7.6668177
43.7	-125.7	7.9131889
43.7	-125.6	8.1993971
43.7	-125.5	8.425025
43.7	-125.4	8.7057619
43.7	-125.3	8.9309711
43.7	-125.2	9.2006636
43.7	-125.1	9.4100323
43.6	-131	7.0294623
43.6	-130.9	6.8449473
43.6	-130.8	6.6338716
43.6	-130.7	6.4201794
43.6	-130.6	6.1736288
43.6	-130.5	5.9667454
43.6	-130.4	5.7133079
43.6	-130.3	5.4449492
43.6	-130.2	5.1889095
43.6	-130.1	4.9346452
43.6	-130	4.6513643
43.6	-129.9	4.3851256
43.6	-129.8	4.0893264
43.6	-129.7	3.8462141
43.6	-129.6	3.5500352
43.6	-129.5	3.3046129
43.6	-129.4	3.057143
43.6	-129.3	2.7965024
43.6	-129.2	2.4735396
43.6	-129.1	2.1336513
43.6	-129	1.8023523
43.6	-128.9	1.4586998
43.6	-128.8	1.1275369
43.6	-128.7	0.74383742
43.6	-128.6	0.47386846
43.6	-128.5	0.31555331
43.6	-128.4	0.20227514
43.6	-128.3	0.32440037
43.6	-128.2	0.81420445
43.6	-128.1	1.0925536
43.6	-128	1.382337
43.6	-127.9	1.7859385
43.6	-127.8	2.1222425
43.6	-127.7	2.4432306
43.6	-127.6	2.7248919
43.6	-127.5	2.9823227
43.6	-127.4	3.2803841
43.6	-127.3	3.4885123
43.6	-127.2	3.7859559
43.6	-127.1	4.0701413
43.6	-127	4.3508396
43.6	-126.9	4.6330018
43.6	-126.8	4.9141426
43.6	-126.7	5.1839123
43.6	-126.6	5.3417072
43.6	-126.5	5.4890747
43.6	-126.4	5.722095
43.6	-126.3	6.0006237
43.6	-126.2	6.2410321
43.6	-126.1	6.5236077
43.6	-126	6.8484526
43.6	-125.9	7.0849991
43.6	-125.8	7.4097762
43.6	-125.7	7.6935773
43.6	-125.6	7.9680696
43.6	-125.5	8.2438269
43.6	-125.4	8.5183916
43.6	-125.3	8.8051643
43.6	-125.2	9.0661268
43.6	-125.1	9.331995
43.6	-125	9.5827484
43.5	-131	7.2960563
43.5	-130.9	7.1037784
43.5	-130.8	6.9254203
43.5	-130.7	6.7336969
43.5	-130.6	6.5187745
43.5	-130.5	6.341063
43.5	-130.4	6.1030288
43.5	-130.3	5.894341
43.5	-130.2	5.6806102
43.5	-130.1	5.4560575
43.5	-130	5.1926494
43.5	-129.9	5.0104685
43.5	-129.8	4.7332578
43.5	-129.7	4.4804769
43.5	-129.6	4.2305264
43.5	-129.5	4.0015478
43.5	-129.4	3.7316716
43.5	-129.3	3.4572961
43.5	-129.2	3.2487059
43.5	-129.1	2.9925106
43.5	-129	2.6989241
43.5	-128.9	2.3705966
43.5	-128.8	2.064491
43.5	-128.7	1.7819594
43.5	-128.6	1.4697257
43.5	-128.5	1.1643984
43.5	-128.4	0.83141172
43.5	-128.3	0.59535182
43.5	-128.2	0.33523652
43.5	-128.1	0.29152253
43.5	-128	0.33356363
43.5	-127.9	0.78537321
43.5	-127.8	1.1230242
43.5	-127.7	1.5454917
43.5	-127.6	1.9239484
43.5	-127.5	2.3490083
43.5	-127.4	2.7325523
43.5	-127.3	3.1421165
43.5	-127.2	3.4884639
43.5	-127.1	3.8219807
43.5	-127	4.1995277
43.5	-126.9	4.5049577
43.5	-126.8	4.8156157
43.5	-126.7	5.1094069
43.5	-126.6	5.3004394
43.5	-126.5	5.4953876
43.5	-126.4	5.7655511
43.5	-126.3	6.0384336
43.5	-126.2	6.2751646
43.5	-126.1	6.5104127
43.5	-126	6.8010278
43.5	-125.9	7.0782485
43.5	-125.8	7.3579984
43.5	-125.7	7.6360602
43.5	-125.6	7.9057136
43.5	-125.5	8.1834497
43.5	-125.4	8.4499369
43.5	-125.3	8.7218409
43.5	-125.2	8.9862947
43.5	-125.1	9.26301
43.5	-125	9.5357075
43.4	-131	7.3768311
43.4	-130.9	7.2011285
43.4	-130.8	7.0407948
43.4	-130.7	6.8446994
43.4	-130.6	6.622632
43.4	-130.5	6.4475861
43.4	-130.4	6.2679973
43.4	-130.3	6.0561776
43.4	-130.2	5.8662639
43.4	-130.1	5.6582961
43.4	-130	5.4500022
43.4	-129.9	5.2747035
43.4	-129.8	5.1174679
43.4	-129.7	4.9306765
43.4	-129.6	4.7434521
43.4	-129.5	4.5239577
43.4	-129.4	4.3169188
43.4	-129.3	4.0838938
43.4	-129.2	3.8523281
43.4	-129.1	3.5910504
43.4	-129	3.4269328
43.4	-128.9	3.179599
43.4	-128.8	2.8977873
43.4	-128.7	2.5910349
43.4	-128.6	2.3004248
43.4	-128.5	2.0389428
43.4	-128.4	1.750322
43.4	-128.3	1.4885774
43.4	-128.2	1.2196443
43.4	-128.1	0.9311645
43.4	-128	0.62139666
43.4	-127.9	0.38031751
43.4	-127.8	0.28269044
43.4	-127.7	0.30570996
43.4	-127.6	0.64286977
43.4	-127.5	1.1044017
43.4	-127.4	1.5546939
43.4	-127.3	1.9901278
43.4	-127.2	2.4134998
43.4	-127.1	2.8542593
43.4	-127	3.2894161
43.4	-126.9	3.6641617
43.4	-126.8	4.0542569
43.4	-126.7	4.4333701
43.4	-126.6	4.8162675
43.4	-126.5	5.1332531
43.4	-126.4	5.3544984
43.4	-126.3	5.6369767
43.4	-126.2	5.9727359
43.4	-126.1	6.3293796
43.4	-126	6.6568317
43.4	-125.9	6.956955
43.4	-125.8	7.2755699
43.4	-125.7	7.5682278
43.4	-125.6	7.8643093
43.4	-125.5	8.1965914
43.4	-125.4	8.4826202
43.4	-125.3	8.740201
43.4	-125.2	8.9962358
43.4	-125.1	9.2554379
43.4	-125	9.5350513
43.3	-131	7.4738259
43.3	-130.9	7.3473916
43.3	-130.8	7.1760564
43.3	-130.7	7.058012
43.3	-130.6	6.8119965
43.3	-130.5	6.6223788
43.3	-130.4	6.503921
43.3	-130.3	6.3133459
43.3	-130.2	6.0907922
43.3	-130.1	5.9460268
43.3	-130	5.7307734
43.3	-129.9	5.4477654
43.3	-129.8	5.2709198
43.3	-129.7	5.0870028
43.3	-129.6	4.874784
43.3	-129.5	4.7047815
43.3	-129.4	4.4628463
43.3	-129.3	4.2707729
43.3	-129.2	4.0599504
43.3	-129.1	3.7792377
43.3	-129	3.6336603
43.3	-128.9	3.4506187
43.3	-128.8	3.269999
43.3	-128.7	3.149411
43.3	-128.6	2.9703281
43.3	-128.5	2.6962543
43.3	-128.4	2.453001
43.3	-128.3	2.1985762
43.3	-128.2	1.9779583
43.3	-128.1	1.6976784
43.3	-128	1.5170102
43.3	-127.9	1.2161477
43.3	-127.8	0.93140304
43.3	-127.7	0.72960722
43.3	-127.6	0.50886285
43.3	-127.5	0.23457986
43.3	-127.4	0.38702479
43.3	-127.3	0.54353088
43.3	-127.2	1.0474929
43.3	-127.1	1.5720086
43.3	-127	2.0403106
43.3	-126.9	2.5309901
43.3	-126.8	2.9772844
43.3	-126.7	3.4369099
43.3	-126.6	3.8476415
43.3	-126.5	4.2791991
43.3	-126.4	4.6941571
43.3	-126.3	5.0816212
43.3	-126.2	5.3826494
43.3	-126.1	5.7217207
43.3	-126	6.0851388
43.3	-125.9	6.4592814
43.3	-125.8	6.8201418
43.3	-125.7	7.1580992
43.3	-125.6	7.5323343
43.3	-125.5	7.886507
43.3	-125.4	8.2201605
43.3	-125.3	8.5147734
43.3	-125.2	8.8437138
43.3	-125.1	9.16924
43.3	-125	9.4671307
43.2	-131	7.4873366
43.2	-130.9	7.3474355
43.2	-130.8	7.1030927
43.2	-130.7	6.976182
43.2	-130.6	6.8221078
43.2	-130.5	6.6746383
43.2	-130.4	6.5361767
43.2	-130.3	6.273931
43.2	-130.2	6.1234026
43.2	-130.1	5.9872947
43.2	-130	5.7266684
43.2	-129.9	5.688251
43.2	-129.8	5.4464083
43.2	-129.7	5.262958
43.2	-129.6	5.1597476
43.2	-129.5	4.9830284
43.2	-129.4	4.8090234
43.2	-129.3	4.6129036
43.2	-129.2	4.379426
43.2	-129.1	4.1854362
43.2	-129	3.9439147
43.2	-128.9	3.7920146
43.2	-128.8	3.5930398
43.2	-128.7	3.4088745
43.2	-128.6	3.1571391
43.2	-128.5	2.9301012
43.2	-128.4	2.6098766
43.2	-128.3	2.4588277
43.2	-128.2	2.2231326
43.2	-128.1	1.9656972
43.2	-128	1.7572626
43.2	-127.9	1.5472522
43.2	-127.8	1.3810872
43.2	-127.7	1.2159046
43.2	-127.6	1.074544
43.2	-127.5	0.88118649
43.2	-127.4	0.65507269
43.2	-127.3	0.32499444
43.2	-127.2	0.12726462
43.2	-127.1	0.13758039
43.2	-127	0.50518638
43.2	-126.9	1.0398475
43.2	-126.8	1.569718
43.2	-126.7	2.1544354
43.2	-126.6	2.6442347
43.2	-126.5	3.1042638
43.2	-126.4	3.601655
43.2	-126.3	4.0623212
43.2	-126.2	4.575038
43.2	-126.1	5.0510292
43.2	-126	5.4088888
43.2	-125.9	5.8007593
43.2	-125.8	6.2041469
43.2	-125.7	6.6245422
43.2	-125.6	6.9872942
43.2	-125.5	7.4095478
43.2	-125.4	7.8361444
43.2	-125.3	8.2079725
43.2	-125.2	8.5313578
43.2	-125.1	8.9181118
43.2	-125	9.2272873
43.1	-131	7.494112
43.1	-130.9	7.3549786
43.1	-130.8	7.0916634
43.1	-130.7	6.948153
43.1	-130.6	6.8114176
43.1	-130.5	6.657392
43.1	-130.4	6.5054336
43.1	-130.3	6.2720246
43.1	-130.2	6.1190495
43.1	-130.1	5.9877028
43.1	-130	5.7323008
43.1	-129.9	5.6109977
43.1	-129.8	5.4487333
43.1	-129.7	5.2077365
43.1	-129.6	5.0700045
43.1	-129.5	4.9078422
43.1	-129.4	4.7801723
43.1	-129.3	4.6239533
43.1	-129.2	4.3658276
43.1	-129.1	4.2241168
43.1	-129	4.0880036
43.1	-128.9	3.9192951
43.1	-128.8	3.8067417
43.1	-128.7	3.5530705
43.1	-128.6	3.5456488
43.1	-128.5	3.2605784
43.1	-128.4	3.0759413
43.1	-128.3	2.8967516
43.1	-128.2	2.6559594
43.1	-128.1	2.4901056
43.1	-128	2.3080125
43.1	-127.9	2.0433011
43.1	-127.8	1.8833566
43.1	-127.7	1.6080862
43.1	-127.6	1.3865248
43.1	-127.5	1.0645007
43.1	-127.4	0.91759068
43.1	-127.3	0.65188706
43.1	-127.2	0.40053114
43.1	-127.1	0.23920542
43.1	-127	0.099036381
43.1	-126.9	0.34713387
43.1	-126.8	0.96026927
43.1	-126.7	1.2956636
43.1	-126.6	1.7710034
43.1	-126.5	2.244597
43.1	-126.4	2.5846021
43.1	-126.3	3.0411975
43.1	-126.2	3.4476976
43.1	-126.1	4.0016918
43.1	-126	4.5219908
43.1	-125.9	4.9980597
43.1	-125.8	5.4714637
43.1	-125.7	5.8735237
43.1	-125.6	6.3755207
43.1	-125.5	6.8111639
43.1	-125.4	7.2379017
43.1	-125.3	7.7559924
43.1	-125.2	8.1818933
43.1	-125.1	8.5413332
43.1	-125	8.97577
43	-131	7.494029
43	-130.9	7.3520947
43	-130.8	7.085
43	-130.7	6.9439654
43	-130.6	6.811286
43	-130.5	6.6040821
43	-130.4	6.4438119
43	-130.3	6.268002
43	-130.2	6.0614352
43	-130.1	5.9277248
43	-130	5.7211189
43	-129.9	5.5553722
43	-129.8	5.3889689
43	-129.7	5.1828156
43	-129.6	5.0438428
43	-129.5	4.9033818
43	-129.4	4.7510104
43	-129.3	4.5962114
43	-129.2	4.3651171
43	-129.1	4.2145596
43	-129	4.0812192
43	-128.9	3.8150001
43	-128.8	3.701143
43	-128.7	3.5484016
43	-128.6	3.2964523
43	-128.5	3.1485453
43	-128.4	2.9980021
43	-128.3	2.8694425
43	-128.2	2.7162147
43	-128.1	2.5643632
43	-128	2.4482496
43	-127.9	2.1799974
43	-127.8	2.0025101
43	-127.7	1.8766302
43	-127.6	1.6417766
43	-127.5	1.5285227
43	-127.4	1.343302
43	-127.3	1.1924574
43	-127.2	0.96195662
43	-127.1	0.73794872
43	-127	0.50934958
43	-126.9	0.38744828
43	-126.8	0.23303859
43	-126.7	0.33305871
43	-126.6	0.78112823
43	-126.5	1.4064956
43	-126.4	2.0197916
43	-126.3	2.4936137
43	-126.2	3.045171
43	-126.1	3.6302922
43	-126	4.0952969
43	-125.9	4.7176728
43	-125.8	5.1508937
43	-125.7	5.6971402
43	-125.6	6.0827465
43	-125.5	6.4039974
43	-125.4	6.8531661
43	-125.3	7.1759977
43	-125.2	7.7279487
43	-125.1	8.1750021
43	-125	8.5979795

