47.07473958	-130.392	-2845.584229
47.07473958	-130.125	-2697.497559
47.07473958	-129.859	-2736.506348
47.07473958	-129.592	-2698.546631
47.07473958	-129.325	-2554.69751
47.07473958	-129.059	-2626.030273
47.07473958	-128.792	-2696.932129
47.07473958	-128.525	-2712.074707
47.07473958	-128.259	-2699.205078
47.07473958	-127.992	-2690.695068
47.07473958	-127.725	-2665.125488
47.07473958	-127.459	-2634.219238
47.07473958	-127.192	-2602.564697
47.07473958	-126.925	-2566.064453
47.07473958	-126.659	-2532.505859
47.07473958	-126.392	-2504.866455
47.07473958	-126.125	-2063.302002
47.07473958	-125.859	-1692.397095
47.07473958	-125.592	-1664.602173
47.07473958	-125.325	-1353.028076
47.07473958	-125.059	-457.4564819
47.07473958	-124.792	-104.0042725
47.07473958	-124.525	-42.20707321
47.34140625	-130.392	-2649.854004
47.34140625	-130.125	-2753.746582
47.34140625	-129.859	-2722.405762
47.34140625	-129.592	-2675.507324
47.34140625	-129.325	-2638.60083
47.34140625	-129.059	-2638.197021
47.34140625	-128.792	-2689.821289
47.34140625	-128.525	-2684.868408
47.34140625	-128.259	-2680.115479
47.34140625	-127.992	-2684.68042
47.34140625	-127.725	-2654.807373
47.34140625	-127.459	-2594.339355
47.34140625	-127.192	-2550.333252
47.34140625	-126.925	-2490.023193
47.34140625	-126.659	-2414.299072
47.34140625	-126.392	-2304.255615
47.34140625	-126.125	-1672.879395
47.34140625	-125.859	-1500.579712
47.34140625	-125.592	-1335.966553
47.34140625	-125.325	-949.2271729
47.34140625	-125.059	-659.0881348
47.34140625	-124.792	-89.06468201
47.34140625	-124.525	-2.182764053
47.60807292	-130.392	-2864.131836
47.60807292	-130.125	-2827.780518
47.60807292	-129.859	-2677.848389
47.60807292	-129.592	-2599.035645
47.60807292	-129.325	-2603.603516
47.60807292	-129.059	-2577.613037
47.60807292	-128.792	-2664.657959
47.60807292	-128.525	-2668.308105
47.60807292	-128.259	-2650.546875
47.60807292	-127.992	-2654.368408
47.60807292	-127.725	-2651.839111
47.60807292	-127.459	-2608.625244
47.60807292	-127.192	-2541.223145
47.60807292	-126.925	-2377.744141
47.60807292	-126.659	-2271.939697
47.60807292	-126.392	-1938.457886
47.60807292	-126.125	-1570.182861
47.60807292	-125.859	-1295.681396
47.60807292	-125.592	-1008.190796
47.60807292	-125.325	-603.9396362
47.60807292	-125.059	-122.2574081
47.60807292	-124.792	-49.10531998
47.60807292	-124.525	89.74623108
47.87473958	-130.392	-2597.647705
47.87473958	-130.125	-2585.218262
47.87473958	-129.859	-2650.257324
47.87473958	-129.592	-2556.735107
47.87473958	-129.325	-2413.50415
47.87473958	-129.059	-2438.469238
47.87473958	-128.792	-2592.296387
47.87473958	-128.525	-2616.100342
47.87473958	-128.259	-2622.967529
47.87473958	-127.992	-2620.833008
47.87473958	-127.725	-2654.031494
47.87473958	-127.459	-2623.399658
47.87473958	-127.192	-2557.141602
47.87473958	-126.925	-2434.336426
47.87473958	-126.659	-2236.514893
47.87473958	-126.392	-1770.395142
47.87473958	-126.125	-1494.806152
47.87473958	-125.859	-817.3471069
47.87473958	-125.592	-358.7436829
47.87473958	-125.325	-214.811676
47.87473958	-125.059	-98.9912262
47.87473958	-124.792	19.33139801
47.87473958	-124.525	176.3486023
48.14140625	-130.392	-2820.84082
48.14140625	-130.125	-2657.68042
48.14140625	-129.859	-2561.114258
48.14140625	-129.592	-2565.601074
48.14140625	-129.325	-2374.762451
48.14140625	-129.059	-2480.973633
48.14140625	-128.792	-2524.177246
48.14140625	-128.525	-2563.646484
48.14140625	-128.259	-2609.794922
48.14140625	-127.992	-2592.250732
48.14140625	-127.725	-2621.197754
48.14140625	-127.459	-2622.619873
48.14140625	-127.192	-2603.729004
48.14140625	-126.925	-2543.463135
48.14140625	-126.659	-2074.732666
48.14140625	-126.392	-1350.041992
48.14140625	-126.125	-759.3971558
48.14140625	-125.859	-325.2497864
48.14140625	-125.592	-130.9806671
48.14140625	-125.325	-161.5077515
48.14140625	-125.059	-162.3003235
48.14140625	-124.792	59.8457756
48.14140625	-124.525	93.48809814
48.40807292	-130.392	-2795.558594
48.40807292	-130.125	-2670.935547
48.40807292	-129.859	-2567.26123
48.40807292	-129.592	-2417.11377
48.40807292	-129.325	-2624.010742
48.40807292	-129.059	-2638.477295
48.40807292	-128.792	-2456.546631
48.40807292	-128.525	-2515.430176
48.40807292	-128.259	-2561.729492
48.40807292	-127.992	-2573.697754
48.40807292	-127.725	-2590.742188
48.40807292	-127.459	-2580.411621
48.40807292	-127.192	-2435.331787
48.40807292	-126.925	-1904.016113
48.40807292	-126.659	-1349.318237
48.40807292	-126.392	-688.4596558
48.40807292	-126.125	-148.9689941
48.40807292	-125.859	-94.18223572
48.40807292	-125.592	-121.1534348
48.40807292	-125.325	-128.6194458
48.40807292	-125.059	-121.9611435
48.40807292	-124.792	-34.80430603
48.40807292	-124.525	115.6693649
48.67473958	-130.392	-2754.054443
48.67473958	-130.125	-2809.787842
48.67473958	-129.859	-2808.534424
48.67473958	-129.592	-2730.101807
48.67473958	-129.325	-2623.762451
48.67473958	-129.059	-2446.747314
48.67473958	-128.792	-2486.349365
48.67473958	-128.525	-2456.15918
48.67473958	-128.259	-2504.181641
48.67473958	-127.992	-2533.58252
48.67473958	-127.725	-2479.778564
48.67473958	-127.459	-2168.914307
48.67473958	-127.192	-1805.00415
48.67473958	-126.925	-1188.071777
48.67473958	-126.659	-593.6702881
48.67473958	-126.392	-231.2324524
48.67473958	-126.125	-92.93769836
48.67473958	-125.859	-79.7390213
48.67473958	-125.592	-70.53359222
48.67473958	-125.325	-19.14217186
48.67473958	-125.059	234.9600067
48.67473958	-124.792	359.1202698
48.67473958	-124.525	545.0391235
48.94140625	-130.392	-2608.298828
48.94140625	-130.125	-2579.585205
48.94140625	-129.859	-2492.292969
48.94140625	-129.592	-2410.916748
48.94140625	-129.325	-2413.437256
48.94140625	-129.059	-2423.623291
48.94140625	-128.792	-2498.701416
48.94140625	-128.525	-2483.136963
48.94140625	-128.259	-2468.216064
48.94140625	-127.992	-2511.762451
48.94140625	-127.725	-2176.689697
48.94140625	-127.459	-1878.543945
48.94140625	-127.192	-1147.860718
48.94140625	-126.925	-334.7740479
48.94140625	-126.659	-179.3704224
48.94140625	-126.392	-95.90625763
48.94140625	-126.125	-39.46854782
48.94140625	-125.859	31.18986511
48.94140625	-125.592	242.7408905
48.94140625	-125.325	374.0862122
48.94140625	-125.059	353.4736633
48.94140625	-124.792	607.9100342
48.94140625	-124.525	768.3460693
49.20807292	-130.392	-2263.914307
49.20807292	-130.125	-2356.290527
49.20807292	-129.859	-2429.686523
49.20807292	-129.592	-2415.940186
49.20807292	-129.325	-2433.450195
49.20807292	-129.059	-2408.162109
49.20807292	-128.792	-2388.770264
49.20807292	-128.525	-2391.674316
49.20807292	-128.259	-2414.849121
49.20807292	-127.992	-2422.526123
49.20807292	-127.725	-1773.83667
49.20807292	-127.459	-1147.195068
49.20807292	-127.192	-313.0614624
49.20807292	-126.925	-116.2644806
49.20807292	-126.659	-49.31526947
49.20807292	-126.392	72.86222076
49.20807292	-126.125	200.1407471
49.20807292	-125.859	535.520752
49.20807292	-125.592	694.6593628
49.20807292	-125.325	562.0636597
49.20807292	-125.059	383.8767395
49.20807292	-124.792	341.4815979
49.20807292	-124.525	70.46766663
49.47473958	-130.392	-2273.623047
49.47473958	-130.125	-2365.396729
49.47473958	-129.859	-2374.963135
49.47473958	-129.592	-2358.269043
49.47473958	-129.325	-2263.003418
49.47473958	-129.059	-2294.837646
49.47473958	-128.792	-2344.001709
49.47473958	-128.525	-2253.361816
49.47473958	-128.259	-2288.008789
49.47473958	-127.992	-1709.351196
49.47473958	-127.725	-877.2221069
49.47473958	-127.459	-478.0808716
49.47473958	-127.192	-107.5893173
49.47473958	-126.925	67.58378601
49.47473958	-126.659	149.4111328
49.47473958	-126.392	456.5785828
49.47473958	-126.125	707.3453369
49.47473958	-125.859	1055.707031
49.47473958	-125.592	1071.299072
49.47473958	-125.325	666.9054565
49.47473958	-125.059	229.7066956
49.47473958	-124.792	-97.85855865
49.47473958	-124.525	-1.945279241
